RowNumber,CustomerId,Surname,Geography,Gender,Age
1,15634602,Hargrave,West,Female,42
2,15647311,Hill,Central,Female,41
3,15619304,Onio,West,Female,42
4,15701354,Boni,West,Female,39
5,15737888,Mitchell,Central,Female,43
6,15574012,Chu,Central,Male,44
7,15592531,Bartlett,West,Male,50
8,15656148,Obinna,East,Female,29
9,15792365,He,West,Male,44
10,15592389,H?,West,Male,27
11,15767821,Bearce,West,Male,31
12,15737173,Andrews,Central,Male,24
13,15632264,Kay,West,Female,34
14,15691483,Chin,West,Female,25
15,15600882,Scott,Central,Female,35
16,15643966,Goforth,East,Male,45
17,15737452,Romeo,East,Neutral,58
18,15788218,Henderson,Central,Female,24
19,15661507,Muldrow,Central,Male,45
20,15568982,Hao,West,Female,24
21,15577657,McDonald,West,Male,41
22,15597945,Dellucci,Central,Female,32
23,15699309,Gerasimov,Central,Female,38
24,15725737,Mosman,West,Male,46
25,15625047,Yen,West,Female,38
26,15738191,Maclean,West,Male,25
27,15736816,Young,East,Male,36
28,15700772,Nebechi,West,Male,190
29,15728693,McWilliams,East,Female,43
30,15656300,Lucciano,West,Male,29
31,15589475,Azikiwe,Central,Female,39
32,15706552,Odinakachukwu,West,Male,36
33,15750181,Sanderson,East,Male,41
34,15659428,Maggard,Central,Neutral,42
35,15732963,Clements,Central,Female,29
36,15794171,Lombardo,West,Female,45
37,15788448,Watson,Central,Male,31
38,15729599,Lorenzo,Central,Male,33
39,15717426,Armstrong,West,Male,36
40,15585768,Cameron,East,Male,41
41,15619360,Hsiao,Central,Male,40
42,15738148,Clarke,West,Female,51
43,15687946,Osborne,West,Female,61
44,15755196,Lavine,West,Female,49
45,15684171,Bianchi,Central,Female,61
46,15754849,Tyler,East,Female,32
47,15602280,Martin,East,Female,27
48,15771573,Okagbue,East,Female,39
49,15766205,Yin,East,Male,38
50,15771873,Buccho,East,Female,37
51,15616550,Chidiebele,East,Male,44
52,15768193,Trevisani,East,Male,36
53,15683553,O'Brien,West,Female,33
54,15702298,Parkhill,East,Male,41
55,15569590,Yoo,East,Male,42
56,15760861,Phillipps,West,Male,43
57,15630053,Tsao,West,Male,45
58,15647091,Endrizzi,East,Male,19
59,15623944,T'ien,Central,Female,66
60,15804771,Velazquez,West,Male,51
61,15651280,Hunter,East,Male,35
62,15773469,Clark,East,Female,27
63,15702014,Jeffrey,Central,Male,33
64,15751208,Pirozzi,Central,Male,56
65,15592461,Jackson,East,Male,26
66,15789484,Hammond,East,Female,36
67,15696061,Brownless,East,Female,34
68,15641582,Chibugo,East,Male,43
69,15638424,Glauert,East,Female,35
70,15755648,Pisano,West,Female,21
71,15703793,Konovalova,East,Male,58
72,15620344,McKee,West,Male,29
73,15812518,Palermo,Central,Female,37
74,15779052,Ballard,East,Female,25
75,15770811,Wallace,West,Male,36
76,15780961,Cavenagh,West,Female,21
77,15614049,Hu,West,Male,55
78,15662085,Read,West,Female,32
79,15575185,Bushell,Central,Male,33
80,15803136,Postle,East,Female,41
81,15706021,Buley,West,Female,34
82,15663706,Leonard,West,Female,32
83,15641732,Mills,West,Female,36
84,15701164,Onyeorulu,West,Female,34
85,15738751,Beit,West,Female,46
86,15805254,Ndukaku,Central,Neutral,75
87,15762418,Gant,Central,Male,22
88,15625759,Rowley,West,Male,30
89,15622897,Sharpe,West,Female,46
90,15767954,Osborne,East,Female,28
91,15757535,Heap,Central,Female,44
92,15731511,Ritchie,West,Male,45
93,15809248,Cole,West,Female,36
94,15640635,Capon,West,Neutral,29
95,15676966,Capon,Central,Male,42
96,15699461,Fiorentini,Central,Male,35
97,15738721,Graham,Central,Male,41
98,15693683,Yuille,East,Male,29
99,15604348,Allard,Central,Male,22
100,15633059,Fanucci,West,Male,34
101,15808582,Fu,West,Female,40
102,15743192,Hung,West,Female,44
103,15580146,Hung,West,Male,31
104,15776605,Bradley,Central,Male,36
105,15804919,Dunbabin,Central,Female,65
106,15613854,Mauldon,Central,Female,46
107,15599195,Stiger,East,Male,32
108,15812878,Parsons,East,Female,36
109,15602312,Walkom,Central,Male,33
110,15744689,T'ang,East,Male,35
111,15803526,Eremenko,East,Male,30
112,15665790,Rowntree,East,Male,39
113,15715951,Thorpe,West,Male,42
114,15591100,Chiemela,Central,Male,36
115,15609618,Fanucci,East,Male,28
116,15675522,Ko,East,Female,30
117,15705512,Welch,East,Female,37
118,15698028,Duncan,West,Female,41
119,15661670,Chidozie,East,Female,31
120,15600781,Wu,East,Male,34
121,15682472,Culbreth,West,Male,34
122,15580203,Kennedy,Central,Male,39
123,15690673,Cameron,West,Female,39
124,15760085,Calabresi,East,Female,48
125,15779659,Zetticci,West,Female,28
126,15627360,Fuller,West,Male,42
127,15671137,MacDonald,West,Female,52
128,15782688,Piccio,East,Male,56
129,15575492,Kennedy,West,Female,41
130,15591607,Fernie,West,Male,24
131,15740404,He,West,Female,34
132,15718369,Kaodilinakachukwu,East,Female,33
133,15677871,Cocci,West,Male,38
134,15642004,Alekseeva,West,Male,25
135,15712543,Chinweike,East,Male,39
136,15584518,Arthur,East,Female,50
137,15802381,Li,East,Female,34
138,15610156,Ma,West,Male,40
139,15594408,Chia,Central,Female,48
140,15640905,Vasin,Central,Female,35
141,15698932,Groves,East,Male,44
142,15724944,Tien,West,Male,34
143,15628145,Forwood,West,Female,43
144,15713483,Greeves,Central,Male,52
145,15612350,Taylor,West,Female,31
146,15800703,Madukwe,Central,Female,21
147,15705707,Bennelong,Central,Female,29
148,15754105,Olisanugo,West,Male,37
149,15703264,Chukwufumnanya,West,Male,44
150,15794413,Harris,West,Male,32
151,15650237,Morgan,Central,Female,32
152,15759618,Alexeeva,West,Female,48
153,15811589,Metcalfe,Central,Male,42
154,15689044,Humphries,West,Male,37
155,15709368,Milne,West,Female,43
156,15679145,Chou,Central,Male,57
157,15655007,Li,West,Female,33
158,15623595,Clayton,Central,Female,28
159,15589975,Maclean,West,Female,73
160,15804017,Chigolum,East,Female,33
161,15692132,Wilkinson,Central,Female,22
162,15641122,Wei,West,Male,30
163,15630910,Treacy,West,Female,49
164,15680772,Hu,Central,Female,36
165,15658929,Taverner,Central,Male,29
166,15585388,Sherman,East,Male,31
167,15724623,Taubman,East,Female,24
168,15588537,Robinson,Central,Female,41
169,15574692,Pinto,Central,Neutral,39
170,15611325,Wood,East,Male,24
171,15587562,Hawkins,West,Female,29
172,15613172,Sun,East,Male,27
173,15651022,Yost,East,Male,44
174,15586310,Ting,West,Male,30
175,15625524,Rowe,West,Male,40
176,15755209,Fu,Central,Female,35
177,15645248,Ho,West,Female,30
178,15790355,Okechukwu,East,Male,36
179,15762615,Campbell,Central,Female,40
180,15625426,Ashbolt,East,Female,55
181,15716334,Rozier,Central,Female,45
182,15789669,Hsia,West,Male,65
183,15621075,Ogbonnaya,East,Female,45
184,15810845,T'ang,West,Male,42
185,15719377,Cocci,West,Female,50
186,15654506,Chang,West,Male,32
187,15771977,T'ao,West,Female,39
188,15708710,Ford,Central,Female,37
189,15726676,Marshall,Central,Male,30
190,15587421,Tsai,East,Female,34
191,15726931,Onwumelu,West,Female,41
192,15771086,Graham,West,Female,36
193,15756850,Golovanov,West,Male,40
194,15702741,Potts,West,Male,32
195,15679200,Crawford,Central,Male,29
196,15594815,Aleshire,West,Male,35
197,15635905,Moran,Central,Female,32
198,15777892,Samsonova,East,Male,37
199,15656176,Jenkins,West,Male,57
200,15811127,Volkov,West,Male,35
201,15604482,Chiemezie,Central,Male,30
202,15622911,Jude,West,Male,42
203,15600974,He,Central,Neutral,50
204,15727868,Onuora,West,Female,38
205,15627801,Ginikanwa,Central,Male,33
206,15773039,Ku,West,Male,37
207,15755262,McDonald,Central,Female,41
208,15679531,Collins,West,Male,34
209,15684181,Hackett,West,Male,45
210,15612087,Dike,West,Male,45
211,15752047,Trevisano,East,Male,33
212,15624592,Tan,West,Male,31
213,15573152,Glassman,West,Female,41
214,15594917,Miller,West,Female,34
215,15785542,Kornilova,East,Male,26
216,15723488,Watson,East,Male,47
217,15680920,Marchesi,West,Male,46
218,15786308,Millar,Central,Female,33
219,15659366,Shih,West,Male,43
220,15774854,Fuller,West,Male,54
221,15725311,Hay,West,Female,31
222,15787155,Yang,Central,Male,30
223,15727829,McIntyre,West,Male,42
224,15733247,Stevenson,West,Male,33
225,15568748,Poole,East,Male,45
226,15699029,Bagley,West,Neutral,37
227,15774393,Ch'ien,West,Female,30
228,15676895,Cattaneo,East,Female,39
229,15637753,O'Sullivan,East,Male,50
230,15605461,Lucas,East,Female,29
231,15808473,Ringrose,West,Male,72
232,15627000,Freeman,West,Male,40
233,15787174,Sergeyev,West,Female,37
234,15723886,Fiore,East,Male,20
235,15704769,Smith,West,Female,67
236,15772896,Dumetochukwu,East,Male,42
237,15711540,Pacheco,West,Female,29
238,15764866,Synnot,East,Female,43
239,15794056,Johnston,West,Female,46
240,15795149,Stevens,West,Male,28
241,15812009,Grant,Central,Male,38
242,15651001,Tsao,East,Female,39
243,15813844,Barnes,West,Male,37
244,15596175,McIntosh,East,Male,67
245,15576269,Madison,Central,Male,34
246,15797219,Ifesinachi,West,Female,40
247,15685500,Glazkov,East,Male,26
248,15599792,Dimauro,West,Female,26
249,15657566,Wieck,East,Male,24
250,15772423,Liao,East,Male,54
251,15628112,Hughes,East,Female,36
252,15753754,Morrison,Central,Female,34
253,15793726,Matveyeva,West,Female,79
254,15694717,Ku,East,Male,37
255,15665834,Cheatham,Central,Male,28
256,15765297,Yao,Central,Male,41
257,15636684,Kirkland,West,Male,34
258,15592979,Rose,East,Female,34
259,15750803,Jess,West,Female,30
260,15607178,Welch,East,Male,38
261,15713853,Ifeajuna,East,Male,42
262,15673481,Morton,Central,Female,48
263,15686776,Rossi,West,Female,32
264,15673693,Reppert,West,Female,26
265,15700696,Kang,Central,Male,31
266,15813163,Ch'iu,Central,Female,36
267,15653857,Wallis,West,Male,34
268,15777076,Clark,West,Male,36
269,15717398,Fielding,Central,Female,39
270,15799217,Zetticci,East,Female,35
271,15787071,Dulhunty,Central,Male,41
272,15619955,Bevington,East,Male,34
273,15796505,Boyle,East,Female,34
274,15725166,Newton,West,Male,30
275,15800116,Bowman,East,Male,28
276,15758685,Dubinina,Central,Female,37
277,15694456,Toscani,West,Male,62
278,15767339,Chiazagomekpere,West,Female,53
279,15683562,Allen,West,Male,35
280,15782210,K'ung,West,Male,46
281,15668893,Wilsmore,West,Male,39
282,15669169,Hargreaves,Central,Male,29
283,15643024,Huang,East,Male,35
284,15699389,Ch'ien,West,Male,42
285,15708608,Wallwork,West,Female,22
286,15626144,Chu,West,Male,40
287,15573112,Kang,Central,Male,29
288,15790678,Davidson,West,Female,32
289,15727556,O'Donnell,Central,Female,26
290,15697307,Nnachetam,Central,Male,34
291,15652266,Chidiebele,East,Male,42
292,15607098,Ahmed,Central,Female,41
293,15655774,Booth,West,Male,27
294,15590241,Chuang,Central,Female,34
295,15785819,Shao,West,Male,38
296,15723654,Tsao,West,Male,25
297,15774510,Tien,West,Female,31
298,15684173,Chang,Central,Female,44
299,15650068,Johnson,West,Male,58
300,15811490,French,West,Male,33
301,15803976,Efremov,West,Female,31
302,15682541,Hartley,Central,Female,36
303,15695699,Calabrese,West,Male,35
304,15624188,Chiu,West,Female,33
305,15812191,Brennan,West,Male,33
306,15636673,Onwuatuegwu,West,Male,31
307,15594898,Hewitt,West,Male,43
308,15660211,Shih,East,Male,35
309,15773972,Balashov,West,Male,50
310,15746726,Doyle,East,Male,31
311,15712287,Pokrovskii,West,Female,80
312,15702919,Collins,East,Male,30
313,15674398,Russo,West,Male,38
314,15797960,Skinner,East,Female,59
315,15631868,Robertson,Central,Male,36
316,15581539,Atkinson,Central,Male,37
317,15662736,Doyle,West,Male,49
318,15666252,Ritchie,Central,Male,42
319,15677512,McEncroe,Central,Female,22
320,15626114,Pearson,West,Male,24
321,15810834,Gordon,Central,Female,57
322,15678910,Ts'ai,West,Female,30
323,15694408,Lung,West,Male,40
324,15585215,Yuan,West,Female,31
325,15682757,Pardey,West,Male,30
326,15736601,Tai,West,Male,35
327,15601848,Scott,West,Male,35
328,15736008,Hunter,West,Female,46
329,15669064,Mazzanti,East,Male,35
330,15624528,L?,East,Male,26
331,15598493,Beach,West,Male,50
332,15601274,Hsieh,Central,Female,40
333,15702669,Faulkner,East,Male,44
334,15728669,Knowles,East,Female,30
335,15742668,Day,Central,Female,37
336,15697441,Hsueh,West,Male,29
337,15740476,Tsao,East,Female,32
338,15648064,Kennedy,West,Male,33
339,15636624,Nwabugwu,Central,Female,39
340,15807923,Young,East,Female,39
341,15745844,Kerr,East,Female,40
342,15786170,Tien,West,Male,31
343,15681081,Marrero,Central,Female,47
344,15684484,White,West,Male,22
345,15785869,Pisano,West,Female,25
346,15763859,Brown,West,Female,43
347,15658935,Freeman,East,Female,34
348,15747358,Russell,East,Male,59
349,15735203,Seleznyov,East,Female,32
350,15576256,Yusupova,West,Male,39
351,15659420,Foley,Central,Male,32
352,15593365,Shih,Central,Male,39
353,15777352,Ikedinachukwu,Central,Female,32
354,15812007,Power,Central,Male,25
355,15625461,Amos,West,Female,45
356,15739438,Reed,West,Male,30
357,15611759,Simmons,Central,Female,57
358,15661629,Ricci,Central,Male,34
359,15633950,Yen,West,Male,41
360,15592386,Campbell,West,Male,58
361,15803716,West,Central,Male,28
362,15696674,Robinson,East,Female,45
363,15706365,Bianchi,West,Female,50
364,15745088,Chen,East,Female,29
365,15676715,Madukaego,West,Male,68
366,15613085,Ibrahimova,Central,Female,33
367,15633537,Nolan,East,Female,42
368,15594720,Scott,East,Female,35
369,15684042,Blair,East,Male,34
370,15583303,Monaldo,West,Female,29
371,15611579,Sutherland,Central,Male,42
372,15774696,Cole,East,Female,75
373,15694506,Briggs,East,Male,31
374,15688074,Gregory,East,Male,31
375,15759537,Bianchi,East,Male,35
376,15758449,Angelo,West,Female,39
377,15583456,Gardiner,East,Male,45
378,15667871,Kerr,Central,Male,35
379,15677371,Ko,Central,Female,30
380,15629677,Distefano,Central,Neutral,39
381,15713578,Farrell,West,Female,50
382,15591509,Milano,West,Male,36
383,15568240,Ting,East,Female,30
384,15622993,Boyd,East,Male,28
385,15689294,Onyemaechi,East,Male,44
386,15720910,Black,West,Female,66
387,15721181,Oliver,Central,Male,46
388,15776433,Greco,Central,Male,62
389,15748936,Whitehead,Central,Female,45
390,15717225,Ikemefuna,West,Female,21
391,15685226,Morrison,East,Female,29
392,15785611,Onyeoruru,East,Male,38
393,15573456,Cunningham,Central,Male,46
394,15684548,Demidov,Central,Male,38
395,15620505,Celis,Central,Female,24
396,15807432,Cheng,East,Female,37
397,15584766,Knight,West,Male,33
398,15612187,Morin,East,Male,32
399,15762218,Mills,West,Female,39
400,15646372,Outhwaite,West,Female,66
401,15690452,Tung,West,Male,52
402,15747795,Pai,East,Female,38
403,15781589,Carpenter,Central,Male,52
404,15732674,Fennell,Central,Male,36
405,15642291,Fontaine,West,Male,23
406,15692761,Pratt,West,Male,36
407,15578045,Mitchell,Central,Female,49
408,15745354,Franklin,Central,Female,37
409,15701376,K'ung,East,Male,37
410,15691625,Ko,East,Female,41
411,15566594,McKenzie,Central,Male,23
412,15760431,Pino,West,Male,38
413,15686302,Fisk,Central,Female,31
414,15801559,Chiang,East,Female,41
415,15810432,Moseley,Central,Male,35
416,15809616,Hsiung,Central,Male,26
417,15720559,Heath,East,Female,61
418,15695632,Dellucci,West,Female,39
419,15659843,Li,West,Female,46
420,15615624,De Salis,West,Female,28
421,15810418,T'ang,East,Female,60
422,15716186,Richardson,West,Female,38
423,15674551,Fitch,East,Male,40
424,15622834,Stevenson,West,Female,35
425,15566111,Estes,West,Male,39
426,15784597,Lattimore,West,Male,26
427,15652883,Chung,East,Male,39
428,15806964,Utz,West,Male,45
429,15576313,Wei,East,Female,40
430,15806467,Boyle,East,Male,40
431,15597602,Nwachinemelu,East,Male,57
432,15743040,Kuznetsova,East,Male,41
433,15705521,Pisani,East,Female,33
434,15595039,Manna,East,Female,37
435,15799384,Collier,West,Male,33
436,15581197,Ricci,West,Female,51
437,15693737,Carr,East,Female,30
438,15624623,Hs?,West,Male,35
439,15783501,Findlay,West,Female,38
440,15690134,Hughes,East,Female,42
441,15782735,Chukwuemeka,West,Female,35
442,15611088,Genovese,West,Female,31
443,15672145,Swift,West,Female,34
444,15732628,Ugoji,West,Male,46
445,15787470,Parkinson,Central,Male,47
446,15803406,Ross,West,Female,26
447,15730460,Oleary,West,Male,37
448,15644572,Turnbull,West,Male,40
449,15694860,Uspensky,West,Female,38
450,15658169,Cook,Central,Female,47
451,15794396,Newbold,East,Female,38
452,15785798,Uchechukwu,West,Male,40
453,15710825,Ch'en,Central,Male,31
454,15668444,He,Central,Female,44
455,15726631,Hilton,West,Female,39
456,15733797,Sal,West,Male,36
457,15747960,Eluemuno,West,Male,33
458,15634632,Titus,West,Male,38
459,15707362,Yin,East,Male,43
460,15662976,Lettiere,Central,Male,37
461,15732778,Templeman,East,Male,29
462,15718443,Chibuzo,West,Male,39
463,15670039,Sun,Central,Female,25
464,15773792,Evans,West,Female,32
465,15613786,Ogbonnaya,Central,Male,26
466,15726032,Enyinnaya,West,Male,33
467,15663252,Olisanugo,Central,Female,32
468,15593782,Brookes,East,Female,38
469,15633283,Padovano,West,Male,35
470,15749167,Fisk,West,Male,35
471,15759298,Shih,Central,Male,27
472,15683625,Hare,West,Male,37
473,15635367,Muir,West,Male,26
474,15681705,Fanucci,West,Male,28
475,15603156,Elewechi,West,Female,33
476,15591986,Johnston,East,Male,46
477,15798888,Pisano,East,Female,31
478,15809722,Ankudinov,West,Female,40
479,15677538,Nwokike,West,Male,38
480,15797736,Smith,West,Male,29
481,15695585,Atkins,Central,Male,34
482,15744398,Burns,West,Female,23
483,15750658,Obiuto,West,Male,37
484,15578186,Pirozzi,East,Male,37
485,15676519,George,Central,Male,61
486,15637954,Lewis,West,Female,35
487,15758639,Moran,West,Male,37
488,15613772,Dalrymple,West,Male,39
489,15731744,Carslaw,West,Male,30
490,15807709,Kirby,East,Female,55
491,15714689,Houghton,Central,Male,29
492,15699005,Martin,West,Female,41
493,15624170,Tan,West,Female,38
494,15725679,Hsia,West,Female,47
495,15585865,Westerberg,West,Female,38
496,15804256,Hale,East,Male,36
497,15662403,Kryukova,West,Female,32
498,15733616,Sopuluchukwu,West,Male,40
499,15591995,Barry,East,Male,26
500,15677020,Selezneva,West,Female,58
501,15727688,Chizuoke,Central,Male,32
502,15715941,Lueck,West,Male,54
503,15714485,Udinese,West,Male,60
504,15730059,Udobata,Central,Male,44
505,15715527,Freeman,Central,Female,41
506,15576623,Outlaw,West,Male,31
507,15805565,Obiuto,East,Male,30
508,15677307,Lo,East,Female,40
509,15773890,Okechukwu,West,Male,22
510,15598883,King,Central,Female,37
511,15568506,Forbes,East,Female,31
512,15761043,Macleod,East,Female,38
513,15782236,Gibbs,Central,Male,34
514,15593601,Isayev,West,Male,34
515,15682048,Pisano,West,Female,51
516,15746902,Belstead,Central,Male,38
517,15752081,Vassiliev,West,Female,56
518,15781307,Schneider,East,Male,37
519,15775912,Mazzanti,West,Male,48
520,15745417,Knipe,West,Male,58
521,15671256,Macartney,West,Female,35
522,15653547,Madukwe,West,Male,56
523,15595766,Watts,Central,Male,37
524,15742358,Humphreys,East,Male,32
525,15763274,Wu,West,Male,48
526,15786063,Chin,West,Female,31
527,15600258,Chesnokova,West,Male,43
528,15573318,Kung,West,Male,26
529,15653849,Lu,East,Female,48
530,15694272,Nkemakolam,West,Male,30
531,15736112,Walton,Central,Female,57
532,15749851,Brookes,Central,Female,26
533,15663478,Baldwin,West,Male,32
534,15592300,Mai,Central,Male,35
535,15567832,Shih,West,Female,40
536,15776780,He,West,Male,59
537,15592846,Fiorentini,East,Male,35
538,15739803,Lucciano,Central,Male,34
539,15794142,Ferreira,East,Female,62
540,15762729,Ukaegbunam,East,Female,28
541,15667896,De Luca,West,Male,37
542,15626578,Milne,West,Male,26
543,15776223,Davide,West,Female,42
544,15705953,Kodilinyechukwu,Central,Male,51
545,15802593,Little,West,Female,49
546,15615457,Burns,Central,Female,44
547,15708916,Paterson,West,Male,38
548,15720187,Han,East,Female,30
549,15595440,Kryukova,West,Male,49
550,15600651,Ijendu,West,Male,24
551,15750141,Reichard,East,Female,36
552,15657284,Day,East,Male,47
553,15763063,Price,Central,Female,25
554,15709324,Bruce,West,Male,34
555,15711309,Sumrall,East,Male,33
556,15775318,Lu,Central,Female,51
557,15705515,Lazarev,East,Male,40
558,15634844,Miller,East,Male,41
559,15717046,Wentworth-Shields,Central,Male,53
560,15571816,Ritchie,Central,Female,70
561,15670080,Mackenzie,East,Female,29
562,15800440,Power,Central,Male,61
563,15665678,Tan,Central,Male,36
564,15665956,Pendergrass,West,Female,46
565,15788126,Evans,Central,Female,38
566,15811773,Hsia,West,Male,36
567,15651674,Billson,Central,Female,54
568,15689614,Teng,Central,Female,63
569,15795564,Moretti,East,Male,31
570,15706647,Jordan,West,Male,31
571,15728505,Ts'ao,West,Male,44
572,15730076,Osborne,West,Male,45
573,15622003,Carslaw,West,Male,35
574,15607312,Ch'ang,Central,Female,49
575,15644753,Hung,Central,Male,40
576,15653620,Gordon,West,Female,27
577,15761986,Obialo,Central,Female,32
578,15633922,Gray,West,Male,30
579,15734674,Lin,West,Female,41
580,15658032,Hopkins,West,Male,39
581,15692671,Dobson,Central,Male,36
582,15737741,McKay,Central,Female,33
583,15576352,Revell,Central,Female,57
584,15753719,Rickards,East,Female,30
585,15803689,Begum,East,Female,51
586,15718057,Onyinyechukwuka,West,Female,51
587,15722010,Zuyev,Central,Male,53
588,15680998,Nwankwo,West,Male,44
589,15614782,Hao,West,Male,36
590,15591047,Ma,Central,Female,47
591,15788291,Okwuadigbo,East,Female,38
592,15604044,Mitchell,West,Male,38
593,15679587,Chan,West,Female,34
594,15775153,Buchi,Central,Male,32
595,15603925,Greco,Central,Female,26
596,15680970,Lombardi,East,Female,41
597,15697183,Uchenna,Central,Male,43
598,15567446,Coffman,East,Male,39
599,15637476,Alexandrova,East,Female,57
600,15714939,Fallaci,East,Female,34
601,15683503,Hudson,West,Female,43
602,15645569,Mai,Central,Female,26
603,15782569,Stout,West,Female,72
604,15592387,Burke,West,Male,30
605,15609286,Chadwick,West,Male,37
606,15814035,Lawrence,West,Male,29
607,15661249,Bellucci,West,Male,53
608,15629117,Harper,West,Male,28
609,15607170,Boyle,West,Male,35
610,15586585,Duncan,East,Female,51
611,15686611,Moss,West,Male,30
612,15603203,Avdeyeva,West,Female,27
613,15619857,Crawford,West,Female,64
614,15805062,Lynton,Central,Male,38
615,15660271,Duncan,East,Male,26
616,15745295,Gether,Central,Female,31
617,15719352,Davidson,Central,Male,39
618,15766575,Larionova,East,Female,62
619,15594594,Loggia,Central,Male,42
620,15646161,Steinhoff,Central,Female,37
621,15682585,Guerra,West,Male,35
622,15603134,Pai,Central,Female,40
623,15636444,Craig,East,Female,53
624,15773456,Lazareva,East,Male,36
625,15745307,Ch'iu,Central,Female,48
626,15604119,Alderete,Central,Male,35
627,15626900,Kung,West,Male,29
628,15605447,Palermo,West,Male,49
629,15589030,Ts'ai,West,Male,47
630,15692463,Rahman,Central,Female,28
631,15712403,McMillan,West,Female,61
632,15811762,Pickering,East,Female,54
633,15718673,Mirams,Central,Female,33
634,15724282,Tsao,East,Male,44
635,15738181,Douglas,West,Male,31
636,15633648,Jideofor,Central,Female,51
637,15603323,Bell,Central,Female,33
638,15583725,Mairinger,West,Male,48
639,15588350,McIntyre,West,Female,43
640,15798398,Pagnotto,West,Female,36
641,15784844,K'ung,Central,Male,48
642,15580684,Feng,West,Female,29
643,15809663,Donaldson,West,Female,27
644,15640078,Chambers,East,Female,39
645,15698786,Marcelo,West,Female,39
646,15569807,Ejimofor,West,Female,34
647,15730830,Dale,West,Female,30
648,15805112,Pokrovsky,West,Male,38
649,15633064,Stonebraker,West,Female,36
650,15703119,Liang,West,Male,38
651,15730447,Anderson,West,Female,49
652,15813850,Christian,West,Male,52
653,15711889,Mao,West,Male,42
654,15664610,Campbell,East,Male,48
655,15751710,Ginikanwa,Central,Male,31
656,15692926,Toscani,East,Male,25
657,15813741,Nnachetam,Central,Male,25
658,15698474,Sagese,East,Female,54
659,15568595,Fleming,West,Male,64
660,15603065,Grubb,West,Female,30
661,15592937,Napolitani,East,Female,41
662,15699637,Anenechi,Central,Male,57
663,15667215,Chandler,West,Male,31
664,15788659,Howells,West,Male,46
665,15763218,Akeroyd,West,Female,41
666,15645772,Onwumelu,West,Male,33
667,15725511,Wallace,West,Female,31
668,15575024,Uwaezuoke,West,Male,29
669,15640825,Loyau,Central,Male,46
670,15662397,Small,West,Female,42
671,15576368,Bledsoe,East,Female,48
672,15674991,Kao,West,Male,42
673,15721024,Wickens,West,Male,26
674,15745621,Wertheim,Central,Female,32
675,15642394,He,Central,Male,35
676,15754605,Jarvis,West,Female,39
677,15607040,P'an,Central,Female,38
678,15715142,Repina,East,Male,45
679,15810978,Pugliesi,Central,Female,70
680,15668886,Blakey,Central,Female,38
681,15780804,Nucci,West,Male,55
682,15613880,Higinbotham,Central,Male,58
683,15775238,Achebe,East,Female,41
684,15786905,Russo,East,Female,40
685,15747867,Trevisani,West,Male,24
686,15600337,Dobie,Central,Male,42
687,15801277,Maccallum,West,Female,31
688,15579334,Watkins,East,Female,45
689,15802741,Mitchel,West,Female,51
690,15720649,Ferdinand,West,Female,36
691,15589493,Otitodilinna,East,Male,27
692,15688251,Mamelu,West,Male,43
693,15665238,Beneventi,East,Male,36
694,15740900,Perrodin,West,Male,34
695,15681068,Chinagorom,West,Female,45
696,15748625,Napolitano,West,Male,57
697,15727299,Edgar,Central,Male,62
698,15620204,Walker,East,Female,57
699,15669516,Steele,Central,Male,36
700,15736534,Elkins,East,Male,33
701,15803457,Hao,West,Female,32
702,15659098,Toscano,West,Male,30
703,15603436,Savage,Central,Female,49
704,15566292,Okwuadigbo,Central,Male,36
705,15808621,Mordvinova,East,Male,36
706,15580148,Welch,East,Male,40
707,15776231,Kent,East,Male,35
708,15773809,Campbell,West,Male,42
709,15649423,Cooper,West,Female,35
710,15734886,Mazzi,West,Female,34
711,15722548,Fisher,West,Male,48
712,15650288,Summers,East,Male,35
713,15629448,Brady,Central,Male,38
714,15716164,Nicholls,West,Female,41
715,15807609,Yuan,Central,Female,25
716,15578977,Robinson,West,Male,34
717,15677369,Golubov,East,Female,37
718,15804072,Chen,Central,Female,42
719,15696859,Oldham,West,Male,45
720,15653780,Kambinachi,West,Female,43
721,15721658,Fleming,Central,Female,56
722,15578761,Cunningham,Central,Female,42
723,15736879,Obinna,West,Male,23
724,15571973,Chinwemma,West,Female,38
725,15626742,Carpenter,West,Male,36
726,15672692,Yin,West,Female,42
727,15673570,Olsen,West,Male,37
728,15767432,Ts'ai,West,Female,25
729,15654238,Jen,West,Female,40
730,15612525,Preston,West,Female,57
731,15812750,Ozioma,West,Male,24
732,15790757,Cody,West,Female,25
733,15723873,Ponomarev,Central,Male,31
734,15744607,Martin,East,Male,43
735,15612966,Milani,East,Female,60
736,15784209,Tang,West,Male,47
737,15794278,Romani,Central,Male,67
738,15766741,McIntyre,West,Male,36
739,15661036,Davis,West,Male,46
740,15705639,Onyemauchechukwu,West,Female,28
741,15637414,Gell,West,Female,24
742,15716835,Rossi,West,Male,24
743,15696231,Chiwetelu,West,Male,29
744,15641675,Kirillova,West,Female,49
745,15670755,Shaw,West,Male,60
746,15640059,Smith,West,Male,40
747,15787619,Hsieh,West,Male,18
748,15587535,Onyemauchechukwu,Central,Female,46
749,15813034,Martin,Central,Male,38
750,15698839,Okwudilichukwu,East,Male,46
751,15790314,Onuoha,West,Male,41
752,15634245,Muecke,East,Female,47
753,15677305,Hsieh,West,Female,35
754,15661526,Anderson,East,Male,37
755,15685997,Azubuike,Central,Female,39
756,15660101,Nnonso,West,Male,31
757,15637979,Fuller,East,Female,36
758,15815364,Ashley,Central,Female,28
759,15647099,Ts'ui,West,Female,37
760,15625944,Buccho,West,Male,58
761,15583212,Chidozie,West,Female,43
762,15582741,Maclean,West,Female,35
763,15637876,Burns,East,Female,36
764,15622750,Chu,East,Female,21
765,15672056,Kenenna,East,Male,43
766,15812351,Beluchi,Central,Female,27
767,15810864,Williamson,West,Female,82
768,15677921,Bobrov,East,Male,60
769,15724296,Kerr,Central,Male,41
770,15685329,McKenzie,West,Female,63
771,15584091,Pitts,East,Female,36
772,15640442,Standish,West,Male,31
773,15639314,Cartwright,West,Male,32
774,15685320,Johnstone,West,Male,36
775,15789158,Nikitina,East,Male,49
776,15752137,McElroy,West,Male,33
777,15712551,Shen,East,Female,58
778,15628936,Archer,Central,Male,28
779,15797227,Otutodilinna,West,Male,28
780,15769974,Shih,Central,Female,35
781,15737051,Denisov,West,Male,27
782,15585595,Owens,West,Female,28
783,15654060,P'eng,West,Male,41
784,15745196,Verco,West,Female,35
785,15571221,Bergamaschi,East,Male,58
786,15660155,Lorenzo,Central,Male,36
787,15605284,Outtrim,West,Male,26
788,15694366,Hou,East,Male,42
789,15600739,Galkin,Central,Female,35
790,15653253,Pagnotto,Central,Male,48
791,15763431,Echezonachukwu,West,Male,36
792,15643696,Young,West,Male,49
793,15707473,Summers,East,Female,48
794,15769504,Munro,East,Female,34
795,15776807,Brennan,West,Male,29
796,15686870,Ball,East,Male,36
797,15668747,Virgo,West,Female,46
798,15766908,Trevisani,East,Male,32
799,15570134,Padovano,West,Female,35
800,15567367,Tao,East,Female,42
801,15747542,Perez,West,Male,52
802,15762238,Fraser,East,Female,44
803,15681554,Alley,East,Female,31
804,15712825,Howells,Central,Female,29
805,15640280,Cameron,West,Male,39
806,15756026,Hooper,Central,Female,46
807,15613319,Rice,West,Female,33
808,15798906,Cox,West,Male,69
809,15708917,Martin,East,Male,53
810,15778463,Ikenna,West,Female,37
811,15699430,Davide,West,Female,35
812,15649992,Alexander,Central,Male,65
813,15578980,Piazza,Central,Female,33
814,15775306,Ni,East,Male,28
815,15641655,Black,West,Female,26
816,15619708,Harker,West,Male,25
817,15734565,Hughes,West,Male,29
818,15806438,Chiabuotu,East,Female,42
819,15591969,Kuo,Central,Male,27
820,15747807,Gallagher,West,Female,43
821,15596939,Calabresi,East,Male,36
822,15716155,Shaw,West,Female,36
823,15765311,Zhirov,Central,Male,34
824,15757811,Lloyd,Central,Female,69
825,15603830,Palmer,Central,Male,36
826,15660602,Ch'eng,East,Male,33
827,15660535,Avent,West,Female,47
828,15666633,Huang,Central,Male,56
829,15596914,Shaw,East,Female,31
830,15639788,Yuan,West,Female,39
831,15695846,Hawkins,West,Female,34
832,15726234,Trentini,Central,Female,41
833,15797964,Cameron,East,Female,29
834,15625881,Koehler,East,Male,37
835,15780628,Wu,West,Female,30
836,15575883,Manna,West,Male,34
837,15585036,Okoli,Central,Female,37
838,15589488,Ch'eng,East,Female,56
839,15585888,Nwokezuike,Central,Female,48
840,15727915,Artemiev,West,Male,36
841,15707567,Esposito,East,Male,50
842,15737792,Abbie,West,Female,31
843,15599433,Fanucci,East,Male,35
844,15672012,Jen,Central,Female,41
845,15806983,Moss,West,Male,44
846,15592222,Lo,West,Male,49
847,15608968,Averyanov,East,Male,21
848,15586959,Unaipon,West,Female,42
849,15646558,Clamp,Central,Male,51
850,15725811,Lim,West,Male,25
851,15572265,Wu,East,Male,46
852,15794048,Wan,East,Female,48
853,15677610,Chambers,East,Female,41
854,15745012,Pettit,West,Female,43
855,15601589,Baresi,West,Female,57
856,15686436,Newbery,Central,Male,32
857,15693864,Iheanacho,East,Female,49
858,15760550,Duncan,Central,Male,39
859,15686137,Barry,Central,Male,32
860,15809087,Landry,West,Male,64
861,15807663,McGregor,West,Male,43
862,15809100,Nucci,West,Female,32
863,15794916,Pirogov,West,Male,41
864,15614215,Oguejiofor,West,Male,53
865,15805449,Ugochukwu,West,Male,38
866,15686983,Rohu,East,Female,25
867,15808017,Cary,West,Male,38
868,15756804,O'Loghlen,West,Female,48
869,15646810,Quinn,East,Male,44
870,15710424,Page,West,Male,36
871,15799422,Evans,West,Female,40
872,15692750,McGregor,East,Female,45
873,15794549,Andrews,West,Female,35
874,15803764,Stanley,West,Male,28
875,15674840,Chiazagomekpere,West,Female,38
876,15653762,Chidiebele,West,Female,39
877,15581229,Gregory,East,Female,32
878,15800228,Bednall,Central,Female,42
879,15656333,Jen,West,Female,33
880,15697497,She,West,Female,45
881,15585362,Simmons,West,Female,60
882,15571928,Fraser,West,Female,43
883,15785519,May,West,Male,36
884,15743007,Seabrook,West,Female,45
885,15777211,Herrera,West,Male,65
886,15721935,Kincaid,West,Male,25
887,15591711,Sleeman,Central,Male,38
888,15625021,Hung,West,Male,42
889,15702968,Artemieva,East,Male,74
890,15600462,Barwell,West,Female,43
891,15768104,Wright,Central,Male,37
892,15780140,Bellucci,East,Male,32
893,15585255,Moore,West,Male,42
894,15772781,Ball,West,Female,51
895,15669987,Sung,East,Female,35
896,15697000,Mello,East,Male,32
897,15733119,Mistry,West,Male,35
898,15782390,T'ien,West,Female,40
899,15654700,Fallaci,West,Female,40
900,15632210,Hill,East,Male,25
901,15642041,Burns,East,Male,40
902,15709737,Hunter,West,Male,36
903,15792388,Li,West,Female,48
904,15786014,Ku,West,Male,28
905,15794580,Ch'en,West,Male,58
906,15675964,Chukwukadibia,West,Female,45
907,15814275,Zikoranachidimma,West,Male,33
908,15724848,Oluchukwu,West,Female,46
909,15754713,Rivera,Central,Male,31
910,15693814,Niu,Central,Male,25
911,15599660,Bennett,West,Male,36
912,15746490,Wollstonecraft,Central,Female,53
913,15566091,Thomsen,Central,Female,32
914,15655961,Palermo,East,Male,27
915,15710404,Chinwendu,West,Male,35
916,15775625,McKenzie,West,Male,47
917,15792328,James,West,Male,39
918,15719856,Lamb,West,Female,45
919,15593773,Olejuru,Central,Male,35
920,15733114,Hay,Central,Male,45
921,15797748,Lu,West,Male,44
922,15743411,Chiawuotu,Central,Male,61
923,15753337,Yeates,West,Male,51
924,15601026,Gallagher,East,Female,19
925,15658485,Heath,West,Female,34
926,15636731,Ts'ai,East,Female,36
927,15628303,Thurgood,Central,Male,35
928,15633461,Pai,East,Male,38
929,15677135,Lorenzo,East,Male,61
930,15590876,Knupp,West,Female,24
931,15790782,Baryshnikov,Central,Male,39
932,15700476,Azubuike,East,Male,41
933,15634141,Shephard,East,Female,42
934,15737795,Scott,Central,Male,36
935,15790299,Williamson,Central,Male,37
936,15675316,Avdeeva,West,Female,38
937,15613630,Tang,West,Male,52
938,15662100,Hsu,East,Female,44
939,15668032,Buchanan,West,Female,37
940,15599289,Yeh,West,Female,37
941,15754084,Palazzi,Central,Male,35
942,15676521,Y?an,West,Female,31
943,15804586,Lin,West,Female,46
944,15781465,Schofield,East,Female,29
945,15729362,Lombardi,West,Male,36
946,15709295,Wall,Central,Female,25
947,15745324,Milani,Central,Female,39
948,15741336,Ejimofor,West,Female,38
949,15783659,Blackburn,West,Male,67
950,15620981,Wickham,West,Female,48
951,15630328,Bird,West,Female,48
952,15785899,Ch'en,East,Male,33
953,15606149,Wood,East,Female,66
954,15671139,Brizendine,Central,Male,39
955,15660429,Ch'in,Central,Female,42
956,15571002,Yusupov,West,Female,44
957,15631681,Jibunoh,Central,Female,43
958,15731522,Ts'ui,Central,Female,67
959,15619529,Ndukaku,Central,Male,27
960,15628034,Wilder,West,Female,37
961,15686164,Maclean,East,Female,31
962,15582797,Ch'iu,Central,Male,35
963,15753831,Cox,Central,Male,32
964,15731815,Nepean,Central,Male,63
965,15580956,McNess,East,Female,43
966,15602084,Coles,West,Female,42
967,15589805,Benson,West,Female,34
968,15720893,Gilbert,Central,Female,34
969,15641009,Wilhelm,West,Male,37
970,15605926,Sinclair,East,Male,70
971,15805955,L?,West,Female,48
972,15801488,Buckner,West,Male,25
973,15605918,Padovesi,East,Male,43
974,15779711,Gray,Central,Female,38
975,15705620,Lu,West,Male,34
976,15685357,Wright,Central,Female,36
977,15570060,Palerma,West,Female,43
978,15582616,Y?an,West,Female,38
979,15799515,Wei,West,Female,48
980,15642937,Padovesi,West,Female,46
981,15624729,Tsao,West,Male,27
982,15566156,Franklin,East,Female,44
983,15792360,Clark,West,Male,32
984,15807008,McGregor,East,Female,35
985,15704770,Pan,West,Male,25
986,15756475,Kenniff,East,Male,31
987,15655339,Spencer,West,Male,36
988,15613749,Lees,Central,Male,34
989,15664521,David,Central,Male,31
990,15681206,Hsing,West,Female,49
991,15745527,Burke,West,Male,37
992,15806926,Watson,West,Female,35
993,15724563,Hawkins,East,Female,42
994,15782899,Ginn,Central,Female,28
995,15623521,Sozonov,Central,Male,43
996,15810218,Sun,Central,Male,29
997,15645621,Hunter,Central,Male,44
998,15608114,Manfrin,Central,Male,62
999,15659557,Artamonova,East,Female,28
1000,15787772,Hansen,West,Female,38
1001,15691111,Pai,East,Female,42
1002,15592089,Larsen,West,Female,43
1003,15633897,Owen,East,Male,39
1004,15701301,Murphy,West,Female,42
1005,15723685,Ekechukwu,East,Female,26
1006,15701602,Ayers,East,Male,52
1007,15739189,Johnson,Central,Female,33
1008,15573086,Millar,West,Male,42
1009,15569050,Farrell,West,Male,45
1010,15750765,Sanders,Central,Male,71
1011,15799811,Herrera,West,Male,40
1012,15698442,Eberechukwu,Central,Male,35
1013,15655274,Bardin,West,Female,29
1014,15603594,Nwankwo,Central,Male,24
1015,15585961,Talbot,Central,Female,43
1016,15686936,McGregor,West,Female,37
1017,15770424,Onyeorulu,East,Male,40
1018,15587451,Goold,East,Male,41
1019,15602010,Zikoranaudodimma,East,Female,45
1020,15600583,Garner,West,Male,31
1021,15654673,Onyinyechukwuka,West,Male,49
1022,15717164,Genovese,Central,Male,32
1023,15765014,Mai,West,Female,48
1024,15682639,Marshall,West,Male,32
1025,15729279,Naylor,West,Female,25
1026,15759805,Pinto,West,Female,32
1027,15767864,Fulton,West,Male,33
1028,15769948,Palerma,East,Male,35
1029,15686345,McCaffrey,Central,Male,34
1030,15688071,Collins,Central,Male,53
1031,15681174,Zuev,West,Male,39
1032,15667521,Crawford,West,Female,22
1033,15750243,Genovese,Central,Male,40
1034,15695475,Maclean,West,Male,29
1035,15689176,Fabro,West,Male,46
1036,15652955,Price,Central,Male,30
1037,15668958,Chatfield,West,Male,30
1038,15631054,Volkova,West,Female,24
1039,15581479,Archer,West,Male,30
1040,15577478,Ch'iu,West,Female,72
1041,15780870,McKay,Central,Male,67
1042,15692317,Craig,West,Male,30
1043,15593969,Abramovich,Central,Female,39
1044,15570417,Chien,West,Male,35
1045,15779059,Timms,West,Female,38
1046,15785980,Williford,Central,Male,34
1047,15644200,Hamilton,Central,Female,42
1048,15793949,Cheng,West,Female,48
1049,15645103,Su,East,Male,25
1050,15705860,McKenzie,East,Male,40
1051,15623828,Akobundu,West,Male,30
1052,15715003,Ko,Central,Female,49
1053,15623471,Marcelo,East,Male,38
1054,15798348,Chukwuebuka,Central,Female,50
1055,15743016,MacDonald,Central,Female,22
1056,15769499,Lampungmeiua,Central,Female,74
1057,15798521,Tai,Central,Male,33
1058,15706534,Enyinnaya,West,Female,47
1059,15706186,McKenzie,East,Male,33
1060,15812197,Kline,West,Male,38
1061,15650933,Ma,Central,Female,48
1062,15692991,Wood,Central,Female,38
1063,15631189,Riggs,East,Male,38
1064,15762198,Capon,West,Male,34
1065,15699598,Smith,West,Female,20
1066,15692744,Davison,West,Male,36
1067,15688963,Ingram,West,Female,52
1068,15599131,Dilke,East,Male,26
1069,15680303,Gibson,West,Male,57
1070,15628674,Iadanza,West,Male,40
1071,15648075,Hebert,East,Female,47
1072,15586970,Pinto,East,Male,52
1073,15625698,Dumetochukwu,Central,Female,23
1074,15790497,Ross,Central,Male,37
1075,15682618,Jamieson,West,Female,31
1076,15762937,Chiganu,East,Female,32
1077,15750929,Burgess,Central,Male,39
1078,15729832,Cheng,West,Male,29
1079,15633650,Woods,East,Female,41
1080,15748856,Liang,West,Male,32
1081,15589195,Bluett,East,Female,38
1082,15699911,Chapman,Central,Female,35
1083,15663438,Andrejew,Central,Male,36
1084,15692583,Udobata,West,Female,32
1085,15591257,Ejimofor,West,Male,24
1086,15646513,Spyer,West,Male,42
1087,15708063,Walker,West,Male,36
1088,15696098,Palermo,West,Female,31
1089,15645517,Philip,Central,Male,22
1090,15649744,Fallaci,West,Female,51
1091,15604304,Perry,East,Female,34
1092,15784092,Henderson,West,Male,36
1093,15585198,Bergamaschi,West,Male,41
1094,15624347,Fokine,West,Male,40
1095,15621687,Mackay,West,Male,34
1096,15689081,Wu,West,Male,29
1097,15813168,Maslova,East,Female,39
1098,15604295,Wei,West,Male,36
1099,15724127,McLean,West,Female,26
1100,15673055,Sung,Central,Male,38
1101,15768201,Paterson,West,Female,39
1102,15782219,Fanucci,Central,Male,29
1103,15746410,Thompson,Central,Male,38
1104,15780144,Tisdall,East,Female,32
1105,15590476,Onochie,West,Male,28
1106,15624293,Mironova,West,Female,46
1107,15618182,Ndubueze,West,Female,38
1108,15660316,Stephenson,East,Female,34
1109,15678886,Golubev,East,Male,38
1110,15616330,Liao,West,Male,31
1111,15592229,Mullan,West,Female,52
1112,15798424,Glover,East,Male,59
1113,15714750,Northey,West,Female,42
1114,15648800,Paterson,East,Female,21
1115,15626147,Maclean,West,Female,62
1116,15626608,Howarde,Central,Male,48
1117,15723250,Teng,West,Male,42
1118,15592583,Colman,West,Female,47
1119,15759381,Johnson,Central,Male,61
1120,15585241,Butcher,Central,Male,29
1121,15589358,Stanley,East,Male,31
1122,15672704,Jackson,West,Female,24
1123,15789955,Hu,East,Male,56
1124,15596800,Hill,East,Male,33
1125,15627305,Pan,Central,Male,35
1126,15645316,Han,East,Female,58
1127,15593973,Wilkie,Central,Female,33
1128,15647301,Bray,East,Female,45
1129,15750258,Ann,West,Female,32
1130,15685309,Souter,West,Female,35
1131,15628205,Greco,East,Female,34
1132,15733974,Mao,Central,Male,37
1133,15762110,Anderson,West,Male,37
1134,15706899,Ma,West,Male,34
1135,15732660,Black,West,Female,27
1136,15656121,Medvedeva,East,Male,31
1137,15614220,Benson,West,Male,22
1138,15645269,Duncan,West,Female,42
1139,15698510,Onwudiwe,East,Male,42
1140,15569247,Mitchell,Central,Female,57
1141,15566251,Ferrari,West,Female,37
1142,15716134,Russo,West,Male,40
1143,15763625,Hazon,Central,Male,41
1144,15605965,Henderson,West,Male,43
1145,15694821,Hardy,East,Male,43
1146,15601688,Piccio,West,Male,28
1147,15575581,Dickson,East,Female,30
1148,15671209,Holden,East,Female,29
1149,15616529,Hsieh,Central,Male,34
1150,15773906,Doherty,West,Male,38
1151,15722993,Page,West,Female,27
1152,15752463,Samuel,Central,Female,29
1153,15589754,Malloy,East,Male,45
1154,15669899,Fitts,East,Female,45
1155,15766887,Iadanza,Central,Male,39
1156,15768006,Wu,West,Male,34
1157,15741295,Yefimova,West,Male,49
1158,15811327,Pan,Central,Male,54
1159,15690007,Ts'ui,East,Female,58
1160,15690664,Liang,Central,Male,37
1161,15719348,Tsao,West,Male,35
1162,15781802,Abramov,West,Male,41
1163,15752731,Millar,West,Female,30
1164,15600997,Demuth,East,Female,32
1165,15750776,Genovese,West,Female,36
1166,15723907,Lawless,East,Female,49
1167,15633419,Brooks,East,Female,28
1168,15702430,Ignatyeva,West,Female,35
1169,15710456,Balmain,West,Female,27
1170,15650351,Millar,West,Female,38
1171,15590820,Ecuyer,Central,Male,26
1172,15640454,Parkhill,East,Male,40
1173,15697789,Li Fonti,East,Female,43
1174,15808182,Beneventi,Central,Female,36
1175,15588670,Despeissis,Central,Female,40
1176,15721292,Atkins,Central,Male,39
1177,15604217,Williams,West,Male,34
1178,15651369,Wright,West,Male,21
1179,15782454,Hancock,West,Male,49
1180,15814032,Hsieh,East,Female,31
1181,15570326,Wilkins,West,Male,34
1182,15624428,Longo,East,Female,24
1183,15755638,Mancini,West,Female,43
1184,15600992,Madukaego,West,Male,36
1185,15755649,Winter-Irving,East,Male,47
1186,15795228,Stewart,West,Male,37
1187,15589257,Grant,West,Female,35
1188,15719302,Brennan,West,Female,50
1189,15639882,She,West,Male,30
1190,15791279,Murray,West,Male,40
1191,15636935,Rischbieth,West,Female,29
1192,15686909,Lung,East,Male,27
1193,15589572,Otutodilichukwu,Central,Female,61
1194,15779947,Thomas,Central,Female,28
1195,15573769,Fiorentini,West,Female,24
1196,15578866,Hughes,West,Female,43
1197,15739131,Whitworth,East,Male,28
1198,15813444,McIntosh,Central,Female,34
1199,15678058,Ayers,West,Male,38
1200,15769169,Trentino,West,Male,41
1201,15804602,Boyd,East,Male,30
1202,15651052,McMasters,East,Male,46
1203,15724334,Alekseyeva,West,Male,22
1204,15569451,Miller,West,Male,35
1205,15650098,Baranova,West,Female,40
1206,15724307,Mitchell,West,Male,76
1207,15599268,Yobachi,Central,Male,32
1208,15594864,Huang,East,Male,30
1209,15616451,Genovese,West,Female,47
1210,15715667,Sorokina,West,Female,32
1211,15658969,Gray,West,Male,51
1212,15738174,Ervin,West,Female,32
1213,15813590,Vance,Central,Male,42
1214,15624229,Noble,West,Female,22
1215,15674148,Milanesi,Central,Male,33
1216,15625080,Parkin,Central,Female,54
1217,15682528,Cremonesi,West,Male,33
1218,15696900,Burns,East,Male,29
1219,15730038,Docherty,West,Female,23
1220,15812272,Ugonna,East,Male,44
1221,15654654,L?,East,Female,33
1222,15697625,Bevan,West,Male,37
1223,15616280,Hsia,West,Male,46
1224,15654229,O'Neill,Central,Male,47
1225,15628298,Johnstone,Central,Female,47
1226,15733387,Pham,Central,Female,53
1227,15775572,Bergamaschi,East,Female,42
1228,15613844,Murphy,West,Female,28
1229,15578515,Osinachi,West,Female,38
1230,15607598,Muravyov,Central,Female,31
1231,15742480,Igwebuike,East,Male,36
1232,15749482,Zack,Central,Male,30
1233,15607537,Crawford,East,Male,46
1234,15575410,Chidiegwu,East,Female,39
1235,15684865,Lucchesi,West,Female,66
1236,15600700,Pan,East,Male,63
1237,15774155,Trevisani,East,Male,33
1238,15634267,Yudin,West,Male,42
1239,15619626,Wade,West,Male,24
1240,15660422,Chung,West,Male,28
1241,15617934,Septimus,West,Male,36
1242,15760774,Hargraves,West,Female,21
1243,15813132,Chukwukadibia,East,Male,30
1244,15593331,Sidorov,East,Male,25
1245,15616709,Bunton,East,Female,38
1246,15658052,Cameron,West,Female,44
1247,15721189,Kung,West,Female,66
1248,15711288,Hay,West,Male,24
1249,15770030,Conti,Central,Female,28
1250,15803681,Sims,West,Female,26
1251,15702789,Carter,East,Male,32
1252,15814930,McGregor,East,Female,40
1253,15658306,Lo,West,Male,68
1254,15699523,Chu,East,Female,55
1255,15610383,Dumetolisa,West,Female,46
1256,15615032,Peng,Central,Male,46
1257,15781989,Drake-Brockman,West,Male,42
1258,15647402,Wan,West,Female,38
1259,15740494,Cameron,West,Female,33
1260,15701265,Tretiakov,East,Female,36
1261,15743532,Ball,East,Male,27
1262,15794870,Sal,East,Male,38
1263,15747591,Chung,Central,Female,40
1264,15726557,Lai,West,Female,42
1265,15732199,Gether,Central,Male,31
1266,15662291,Davidson,West,Female,55
1267,15749050,Justice,West,Female,36
1268,15781586,Osonduagwuike,East,Male,38
1269,15617078,Ewing,West,Female,44
1270,15723339,Chin,West,Female,38
1271,15671322,Chiang,East,Male,30
1272,15793854,Ahmed,West,Male,42
1273,15756539,Marshall,East,Female,39
1274,15612064,Tsou,West,Male,33
1275,15625916,Chien,Central,Male,32
1276,15683195,Ubanwa,West,Male,32
1277,15690182,Kapustin,East,Male,37
1278,15721719,Calabresi,West,Male,42
1279,15641690,Hsiao,Central,Male,67
1280,15634896,Grant,West,Female,39
1281,15671590,H?,Central,Male,25
1282,15779182,Chia,Central,Male,46
1283,15778287,Ugoji,West,Male,35
1284,15609510,Gregory,West,Male,45
1285,15742229,Mackay,West,Male,59
1286,15658532,Nnamutaezinwa,Central,Female,63
1287,15590993,Findlay,Central,Male,37
1288,15565701,Ferri,Central,Female,39
1289,15597239,Ku,Central,Male,39
1290,15688880,Amechi,East,Male,40
1291,15813917,Kirk,East,Male,31
1292,15679611,Andrews,Central,Female,37
1293,15636589,Murray,West,Female,41
1294,15687752,Griffin,West,Male,30
1295,15584363,Longstaff,West,Male,30
1296,15737748,McWilliam,Central,Female,33
1297,15803365,Coffee,Central,Male,55
1298,15793247,Hancock,West,Male,34
1299,15572360,Clark,West,Male,30
1300,15795166,Creswell,East,Male,42
1301,15724620,Dodds,West,Male,37
1302,15800856,Ewen,Central,Male,34
1303,15671097,Carter,West,Female,31
1304,15683930,Ch'iu,East,Female,32
1305,15749004,Tsao,West,Female,31
1306,15800434,Burgess,East,Male,52
1307,15709117,Fanucci,Central,Female,46
1308,15638806,Blackburn,Central,Male,49
1309,15662294,Bennett,West,Male,33
1310,15690079,Boniwell,Central,Male,30
1311,15759317,Vasilieva,East,Female,27
1312,15750497,Longo,West,Female,37
1313,15596181,Kwemto,West,Male,38
1314,15576602,Lawrence,West,Male,38
1315,15644833,Duncan,West,Male,54
1316,15734634,Bocharova,Central,Female,27
1317,15808689,Morres,West,Female,31
1318,15720702,Shih,West,Male,37
1319,15665077,Vogel,West,Female,43
1320,15763612,T'an,East,Male,41
1321,15596493,Wisdom,West,Female,47
1322,15704483,Lorenzo,West,Male,40
1323,15598846,Shahan,West,Female,44
1324,15629244,Bryant,Central,Male,50
1325,15765537,Liang,East,Male,26
1326,15729975,Chidozie,West,Female,46
1327,15682773,Hayward,West,Female,38
1328,15688007,Liu,Central,Male,20
1329,15574331,Alexeeva,East,Female,62
1330,15645572,Calabresi,West,Female,40
1331,15742854,Lettiere,Central,Female,46
1332,15575417,Chou,East,Male,37
1333,15796721,Nnamutaezinwa,West,Male,38
1334,15734942,Nnamutaezinwa,East,Female,38
1335,15664772,Greece,East,Male,28
1336,15576683,Yin,Central,Female,43
1337,15682563,Larionova,Central,Male,38
1338,15650889,Golubev,East,Female,30
1339,15612108,Norman,West,Male,52
1340,15761132,Capon,Central,Male,46
1341,15645511,Chukwudi,Central,Male,43
1342,15609824,Fedorov,West,Female,41
1343,15640268,Avdeeva,Central,Male,71
1344,15645778,Reid,Central,Male,42
1345,15691104,Kennedy,East,Female,40
1346,15714567,Chan,Central,Female,26
1347,15777826,Wofford,West,Male,30
1348,15668445,Mai,West,Male,37
1349,15576162,King,West,Male,32
1350,15778135,T'ao,Central,Male,43
1351,15613141,Hsu,West,Female,41
1352,15635435,White,West,Female,54
1353,15596552,Stephens,East,Male,48
1354,15623644,Frolov,Central,Male,29
1355,15683403,Lombardi,Central,Male,52
1356,15615029,Munro,Central,Male,39
1357,15769005,Hayward,West,Male,49
1358,15746326,Fields,West,Male,43
1359,15722364,Onwumelu,West,Male,43
1360,15704954,Suffolk,West,Male,37
1361,15694409,Tsao,East,Female,22
1362,15754068,Judd,West,Male,32
1363,15683841,Hamilton,East,Male,41
1364,15789095,T'ang,Central,Male,30
1365,15719958,Degtyarev,East,Male,39
1366,15689514,Kang,West,Male,43
1367,15621353,Hudson,Central,Female,37
1368,15627232,Jibunoh,East,Male,44
1369,15745843,Kinlaw,Central,Female,31
1370,15722902,Chizuoke,East,Male,50
1371,15791767,Lucciano,West,Female,26
1372,15792722,Omeokachie,West,Female,43
1373,15723006,Gorbunova,West,Male,38
1374,15771942,Tikhonov,East,Female,46
1375,15774738,Campa,West,Male,44
1376,15574004,Mancini,West,Female,27
1377,15587233,Donoghue,West,Male,41
1378,15808228,Tuan,Central,Female,44
1379,15682834,Johnstone,Central,Female,35
1380,15571752,Romani,East,Female,32
1381,15743067,Fuller,East,Male,26
1382,15714466,Baxter,West,Female,41
1383,15617982,Pirozzi,Central,Female,42
1384,15696637,Sung,West,Female,23
1385,15690647,Rogers,Central,Female,46
1386,15672756,Mills,West,Female,35
1387,15704586,Osonduagwuike,West,Female,42
1388,15674526,Byrne,West,Male,66
1389,15775295,McIntyre,West,Female,40
1390,15684196,Aitken,West,Female,55
1391,15727281,Macintyre,West,Female,27
1392,15787835,Simpson,East,Female,38
1393,15730540,Simpson,Central,Male,45
1394,15646276,Metcalfe,West,Female,32
1395,15582180,Lees,West,Male,29
1396,15697095,Zetticci,Central,Male,46
1397,15748797,Dale,Central,Female,33
1398,15754796,Byrne,East,Female,46
1399,15628947,Praed,West,Female,38
1400,15775546,Laurens,Central,Female,29
1401,15670481,Woods,West,Female,27
1402,15619029,Bykov,Central,Female,43
1403,15613282,Vorobyova,West,Male,29
1404,15721487,Pirogova,West,Female,27
1405,15797276,Sturt,Central,Female,41
1406,15612494,Panicucci,West,Female,44
1407,15629617,Cook,Central,Male,23
1408,15600821,Hardy,West,Male,69
1409,15579062,Chu,West,Male,32
1410,15814268,Franklin,West,Female,40
1411,15710164,P'eng,West,Female,73
1412,15693904,Chiang,East,Female,30
1413,15588986,Grant,East,Female,29
1414,15797733,Udobata,East,Male,30
1415,15620507,Siciliani,East,Female,30
1416,15685150,Evans,East,Male,28
1417,15667651,Young,Central,Female,33
1418,15774166,Mitchell,East,Female,24
1419,15649280,Lucchese,East,Female,40
1420,15705657,Hewitt,West,Female,44
1421,15753969,K'ung,Central,Male,45
1422,15742378,Swaim,East,Male,32
1423,15794874,Quinones,Central,Male,41
1424,15589221,Kennedy,East,Male,30
1425,15596671,Endrizzi,Central,Female,42
1426,15583668,Ludowici,West,Female,42
1427,15710206,Larson,West,Female,39
1428,15799966,Chigolum,East,Female,59
1429,15794560,Maclean,West,Male,57
1430,15626485,Lu,West,Female,26
1431,15703143,Tuan,West,Female,29
1432,15809772,Glover,West,Male,48
1433,15687959,Landman,Central,Female,44
1434,15585282,Trevisano,West,Male,62
1435,15714993,Longo,West,Female,41
1436,15596021,K?,Central,Male,44
1437,15646615,Muir,East,Male,28
1438,15742632,Alexeyeva,West,Female,31
1439,15574068,Norman,East,Male,56
1440,15806967,Simmons,West,Female,65
1441,15796334,Chukwualuka,East,Male,39
1442,15688713,McCall,Central,Male,44
1443,15796179,Moore,West,Male,43
1444,15598751,Ingram,West,Female,43
1445,15703019,Okeke,West,Female,38
1446,15646302,Shao,West,Female,24
1447,15680855,Iloabuchi,West,Male,33
1448,15697311,Nebechukwu,Central,Male,56
1449,15585367,Diribe,East,Female,46
1450,15726556,Macgroarty,East,Female,26
1451,15676242,Artemova,Central,Male,31
1452,15684198,McDonald,West,Female,38
1453,15774882,Mazzanti,West,Female,35
1454,15714227,Kelly,West,Female,53
1455,15608653,Davison,Central,Female,34
1456,15784280,Reilly,East,Male,35
1457,15789546,Ojiofor,Central,Male,28
1458,15590320,Shelton,West,Male,66
1459,15678385,Lange,West,Male,25
1460,15571778,Trentini,West,Female,55
1461,15657085,Gardiner,West,Male,23
1462,15640627,Wan,Central,Male,34
1463,15566211,Hsu,East,Female,41
1464,15669293,Hovell,West,Male,37
1465,15595067,Zhirov,Central,Female,40
1466,15753566,Espinosa,West,Female,32
1467,15650391,Wallace,West,Female,29
1468,15681843,Barbour,East,Female,35
1469,15814846,Ozerova,West,Male,52
1470,15670374,Wright,East,Female,49
1471,15762332,Ulyanova,East,Female,31
1472,15700223,Steiner,West,Male,48
1473,15729956,Akabueze,Central,Female,26
1474,15594862,Aleksandrova,West,Male,36
1475,15598782,Pinto,East,Female,30
1476,15745080,Griffiths,West,Male,26
1477,15703399,McNeil,West,Female,26
1478,15732175,Bruno,West,Male,37
1479,15630725,Johnson,West,Female,45
1480,15640260,Okorie,East,Male,32
1481,15716822,Moen,West,Male,30
1482,15583748,McGuigan,Central,Male,38
1483,15605968,Fancher,West,Male,26
1484,15790683,Matthews,West,Male,36
1485,15607713,Kaeppel,Central,Female,29
1486,15700212,Shih,West,Female,46
1487,15626710,Yudina,West,Female,39
1488,15716491,Akabueze,Central,Female,51
1489,15625824,Kornilova,Central,Male,30
1490,15617705,Ozioma,West,Female,39
1491,15761976,Su,Central,Female,31
1492,15634891,Jamison,East,Female,43
1493,15744517,Esposito,Central,Male,50
1494,15686963,Hardiman,Central,Female,30
1495,15808189,Woodard,West,Male,52
1496,15580845,Chienezie,East,Male,57
1497,15799156,Okwuadigbo,Central,Male,38
1498,15694296,Chineze,West,Male,35
1499,15677049,O'Brien,East,Female,25
1500,15583595,Tao,West,Female,28
1501,15590146,Mao,West,Male,50
1502,15801548,Buckland,West,Female,31
1503,15660833,Flannery,East,Male,39
1504,15762277,Jamieson,West,Male,47
1505,15791302,Swift,West,Male,32
1506,15798975,Doherty,East,Male,48
1507,15599956,Payne,West,Male,27
1508,15577274,Genovese,East,Female,43
1509,15701200,Lucciano,West,Male,36
1510,15638149,Rowley,West,Male,37
1511,15786199,Hsing,West,Male,33
1512,15701765,Vincent,Central,Female,37
1513,15586974,Pearce,West,Male,39
1514,15729040,Lamb,West,Male,42
1515,15788676,Riley,Central,Male,38
1516,15602497,Honore,Central,Male,39
1517,15701333,Blackburn,West,Female,37
1518,15812071,Endrizzi,West,Male,54
1519,15634375,Duncan,Central,Female,36
1520,15738267,Macarthur,West,Female,64
1521,15786800,Gould,East,Male,52
1522,15591130,Medvedev,Central,Female,29
1523,15720662,Sholes,West,Female,35
1524,15751531,Shaw,Central,Male,41
1525,15653595,Ts'ai,West,Male,51
1526,15568360,Rolon,Central,Female,41
1527,15781210,Reid,West,Male,34
1528,15668058,Chinwendu,East,Male,35
1529,15597131,Fu,West,Male,32
1530,15697283,Mackenzie,Central,Male,23
1531,15640953,Bligh,West,Female,26
1532,15715031,Davidson,West,Female,28
1533,15589660,Lamble,East,Female,32
1534,15769818,Moore,West,Female,37
1535,15782736,Jose,East,Female,47
1536,15614818,Trevisani,Central,Female,33
1537,15794014,Schofield,West,Female,34
1538,15732448,Stewart,West,Female,28
1539,15723411,Jamieson,Central,Female,36
1540,15797686,Howard,West,Male,38
1541,15605950,Onwuamaeze,East,Male,23
1542,15812497,D'Albertis,East,Male,37
1543,15690678,Brooks,West,Female,33
1544,15747677,Gordon,Central,Male,69
1545,15618926,Nwachukwu,Central,Male,43
1546,15673908,Chinweike,East,Female,42
1547,15727944,Simpkinson,East,Female,48
1548,15807294,Walker,Central,Female,30
1549,15618581,Diribe,Central,Male,25
1550,15584364,Trentini,West,Male,48
1551,15599552,Conway,Central,Female,54
1552,15749177,Maslow,Central,Female,52
1553,15718779,Clark,West,Male,34
1554,15568106,L?,West,Female,38
1555,15779481,Swadling,West,Male,34
1556,15709994,Gallo,West,Female,40
1557,15772777,Onyemachukwu,Central,Female,29
1558,15706815,Samoylova,East,Male,37
1559,15618018,Dickson,West,Female,35
1560,15671032,He,East,Male,42
1561,15634281,P'an,East,Female,43
1562,15766374,Leak,East,Male,42
1563,15600991,Artemieva,East,Male,31
1564,15777576,Frost,Central,Female,40
1565,15742613,Warner,East,Female,42
1566,15649523,Kennedy,West,Male,38
1567,15651063,Ifeatu,East,Female,37
1568,15683124,Evans,West,Male,53
1569,15618314,Chu,West,Male,40
1570,15670823,Hsueh,East,Female,42
1571,15607133,Shih,Central,Female,49
1572,15615012,Fan,West,Male,23
1573,15725141,Whiddon,West,Female,44
1574,15623560,Onyekachukwu,West,Female,35
1575,15693018,Ermakova,East,Male,23
1576,15636756,Marino,West,Male,23
1577,15647474,Niu,West,Female,40
1578,15576714,Manna,Central,Female,21
1579,15585047,Onyemere,West,Male,28
1580,15743976,Archer,East,Male,41
1581,15793881,Mitchell,West,Female,35
1582,15576517,Everingham,East,Female,34
1583,15631072,Huie,West,Male,38
1584,15730394,Crowther,West,Female,43
1585,15631460,Swift,Central,Female,42
1586,15692002,Skelton,West,Male,33
1587,15595282,White,West,Female,33
1588,15789548,Giordano,West,Female,37
1589,15758035,Bateson,West,Male,61
1590,15617518,Hu,East,Male,36
1591,15651802,Day,Central,Female,39
1592,15631813,Beneventi,West,Male,39
1593,15729668,Elizabeth,Central,Male,29
1594,15741728,Atkins,Central,Male,36
1595,15576676,Serrano,East,Female,28
1596,15711378,Willis,West,Male,38
1597,15765520,Stevenson,East,Male,27
1598,15656726,Ch'ien,West,Male,32
1599,15647842,Cunningham,East,Female,48
1600,15719309,Stephens,West,Female,42
1601,15748718,Gordon,West,Male,28
1602,15594404,Bevan,West,Female,49
1603,15751158,Mashman,West,Female,42
1604,15593470,Tu,East,Female,36
1605,15695129,Milanesi,West,Female,31
1606,15640865,Romano,East,Female,31
1607,15714080,Goliwe,East,Female,40
1608,15648721,Hsueh,West,Male,64
1609,15801466,Gray,West,Female,39
1610,15750248,Wright,West,Female,35
1611,15758726,Chiemeka,West,Female,24
1612,15781553,Chung,East,Female,49
1613,15649121,Pinto,West,Male,52
1614,15674811,Kellway,East,Male,29
1615,15646037,Sopuluchi,West,Male,77
1616,15722578,Spitzer,East,Female,21
1617,15665695,Potter,West,Female,49
1618,15801062,Matthews,Central,Female,40
1619,15662955,Nicholls,West,Male,27
1620,15770309,McDonald,West,Male,18
1621,15657386,Fiorentini,East,Male,43
1622,15777797,Kovalyova,Central,Male,38
1623,15783955,Miah,West,Female,25
1624,15804516,Builder,West,Male,38
1625,15681758,Baddeley,Central,Female,25
1626,15630321,Hu,West,Male,44
1627,15588248,Hs?,West,Female,28
1628,15591932,Ford,West,Male,32
1629,15810347,Todd,Central,Female,30
1630,15595303,Johnston,East,Male,46
1631,15634950,Obiajulu,East,Male,57
1632,15685372,Azubuike,Central,Male,54
1633,15745827,Padovesi,West,Male,30
1634,15755868,Farmer,West,Male,35
1635,15735222,Ignatieff,Central,Female,23
1636,15604804,Lu,West,Female,33
1637,15718944,Artemiev,West,Female,37
1638,15678626,Okonkwo,Central,Female,31
1639,15571550,Dore,West,Male,39
1640,15723053,T'ang,East,Male,32
1641,15661528,Ashbolt,Central,Male,47
1642,15754177,Bazarova,Central,Male,53
1643,15683544,Buccho,Central,Male,62
1644,15708048,Burn,West,Female,34
1645,15701109,Andreyev,West,Female,37
1646,15600110,Endrizzi,East,Female,41
1647,15651533,Brown,East,Female,50
1648,15777904,Nock,West,Female,45
1649,15655574,Okeke,East,Female,40
1650,15569423,Cunningham,Central,Male,41
1651,15718106,Kelley,West,Male,34
1652,15585067,Wilson,Central,Male,31
1653,15675501,Woods,West,Male,59
1654,15633233,McFarland,West,Male,56
1655,15667134,Cisneros,West,Male,32
1656,15659105,Borchgrevink,West,Female,47
1657,15575409,Rozhkova,East,Male,31
1658,15752342,Bradley,East,Female,54
1659,15654851,Obialo,West,Male,44
1660,15741429,Hudson,Central,Female,31
1661,15682356,Veltri,West,Female,37
1662,15806447,Mazzanti,East,Male,32
1663,15800229,Thorpe,East,Male,40
1664,15663441,Golibe,East,Female,40
1665,15791991,Udinesi,West,Male,52
1666,15775082,Stewart,West,Male,42
1667,15579706,Curtis,West,Female,46
1668,15718247,Hayden,Central,Female,46
1669,15755722,H?,West,Male,24
1670,15582259,Campbell,West,Female,37
1671,15716994,Green,Central,Male,24
1672,15586880,P'eng,East,Male,41
1673,15713854,Cremonesi,West,Female,37
1674,15780835,Liang,East,Female,26
1675,15675896,Gough,East,Female,42
1676,15658459,Bates,Central,Male,33
1677,15658057,Padovesi,Central,Female,44
1678,15801767,Yin,Central,Female,40
1679,15569178,Kharlamov,West,Female,18
1680,15731478,Nicholls,West,Female,42
1681,15811236,Burns,Central,Male,39
1682,15746749,Fleming,Central,Female,32
1683,15662758,Watson,West,Male,41
1684,15709387,Obiajulu,West,Male,52
1685,15572093,Han,West,Female,24
1686,15713826,Ferguson,East,Female,20
1687,15570205,Tao,Central,Male,36
1688,15589348,Le Grand,Central,Male,37
1689,15804610,Valdez,West,Female,41
1690,15700854,Cunningham,Central,Male,35
1691,15758836,Godfrey,Central,Male,36
1692,15772933,Mai,Central,Male,31
1693,15809006,Walker,West,Male,23
1694,15689612,Pirozzi,Central,Female,34
1695,15744614,Feng,West,Male,37
1696,15704250,Akabueze,West,Male,34
1697,15700255,Robson,East,Male,44
1698,15669410,Yevdokimova,West,Male,30
1699,15807595,Ijendu,East,Male,51
1700,15664523,Colombo,East,Female,31
1701,15642833,Akubundu,West,Female,30
1702,15605279,Francis,West,Male,50
1703,15713644,Marshall,Central,Male,22
1704,15750466,Rhodes,East,Male,42
1705,15739054,Y?,West,Female,29
1706,15612771,Bell,West,Male,35
1707,15788483,Kerr,Central,Male,38
1708,15732832,Jideofor,West,Female,40
1709,15772892,Robertson,West,Female,49
1710,15713843,Kao,Central,Male,30
1711,15567993,Palmer,Central,Male,28
1712,15617603,Mackay,East,Male,30
1713,15744983,Burgmann,Central,Male,47
1714,15630419,Davis,West,Male,44
1715,15738828,Milano,East,Male,45
1716,15778025,Dellucci,East,Male,43
1717,15799479,Coles,Central,Male,33
1718,15684269,Gray,Central,Female,35
1719,15762745,Macvitie,Central,Male,32
1720,15746970,Townsend,Central,Female,57
1721,15725024,Pope,East,Female,33
1722,15592116,Jensen,West,Female,39
1723,15624391,Thomson,Central,Female,30
1724,15567422,Chiazagomekpele,West,Male,42
1725,15612627,Ozuluonye,East,Male,29
1726,15574879,Wright,East,Female,37
1727,15745107,Lung,East,Male,38
1728,15734491,Lombardo,Central,Female,36
1729,15675320,Leonard,Central,Female,40
1730,15643824,Johnston,West,Male,33
1731,15643438,P'eng,West,Male,20
1732,15721730,Amechi,Central,Female,44
1733,15680727,Fang,West,Male,49
1734,15752508,Docherty,East,Male,32
1735,15808846,Horton,East,Female,21
1736,15727251,Vincent,West,Male,30
1737,15663489,Onio,East,Female,29
1738,15683677,Schiavone,Central,Male,39
1739,15596414,Chandler,Central,Male,41
1740,15730639,Fiorentino,West,Male,23
1741,15672132,Butusov,West,Female,42
1742,15742638,Wang,West,Female,25
1743,15578603,Alexeieva,East,Female,54
1744,15726088,Vinogradova,West,Male,40
1745,15682533,Hughes,West,Female,39
1746,15772995,Ts'ao,West,Male,30
1747,15765694,Bage,Central,Female,59
1748,15659486,Yudina,East,Male,34
1749,15568963,Naquin,East,Male,34
1750,15703820,Endrizzi,West,Male,42
1751,15569410,Tang,East,Female,33
1752,15632256,Schroeder,West,Male,29
1753,15724466,Swearingen,East,Female,41
1754,15777639,McGregor,Central,Female,23
1755,15802501,Onyeorulu,East,Male,33
1756,15778410,Clarke,Central,Female,52
1757,15670702,Smith,West,Male,37
1758,15704763,Kozlova,East,Female,39
1759,15645544,Nekrasov,East,Female,30
1760,15757646,Olague,West,Male,35
1761,15701121,Holt,West,Male,38
1762,15796313,Olsen,West,Female,36
1763,15815660,Mazzi,West,Female,34
1764,15602844,Niu,West,Male,38
1765,15636238,Graham,West,Male,40
1766,15770101,Millar,East,Male,43
1767,15645543,Bell,West,Female,34
1768,15596397,Kelly,West,Female,48
1769,15770525,T'an,Central,Male,28
1770,15684267,Davila,East,Male,39
1771,15689980,Willis,Central,Female,36
1772,15633260,Dumetochukwu,West,Male,37
1773,15756471,Giles,East,Male,27
1774,15721303,O'Meara,Central,Male,34
1775,15802256,Yao,West,Male,28
1776,15725664,Wallace,West,Female,38
1777,15674851,T'ien,West,Male,38
1778,15701946,Ndubueze,West,Male,34
1779,15748947,Chukwuraenye,West,Female,41
1780,15673342,K'ung,West,Male,36
1781,15601008,Stevenson,West,Male,33
1782,15771636,Marshall,Central,Female,36
1783,15642002,Hayward,West,Female,35
1784,15693381,Tipton,Central,Male,38
1785,15607691,Gibson,West,Male,36
1786,15589380,Fraser,East,Male,40
1787,15603846,Fang,Central,Male,37
1788,15753549,Dubinina,West,Male,25
1789,15725355,Morey,West,Female,43
1790,15773017,Todd,Central,Female,37
1791,15625641,Forbes,East,Female,74
1792,15776467,De Salis,Central,Female,35
1793,15746451,Barry,Central,Male,41
1794,15777922,Afamefuna,Central,Male,36
1795,15606841,Ibbott,West,Male,38
1796,15757648,Marshall,East,Female,35
1797,15677173,Law,West,Male,37
1798,15764170,Pinto,East,Male,44
1799,15610446,Chinedum,West,Female,51
1800,15612776,McKay,Central,Female,39
1801,15794122,Otutodilinna,West,Female,59
1802,15774931,She,West,Male,30
1803,15779247,Pai,Central,Female,24
1804,15707078,Kruglov,West,Female,26
1805,15605263,Chin,West,Male,33
1806,15607381,King,East,Female,31
1807,15683471,Hansen,West,Male,38
1808,15605037,Ting,West,Female,49
1809,15576085,Stone,West,Male,41
1810,15770435,McLean,West,Female,50
1811,15592994,Zikoranachidimma,West,Female,65
1812,15624068,Fu,West,Female,26
1813,15595221,Trevisano,East,Female,33
1814,15637131,Fallaci,West,Male,38
1815,15613471,Wiley,East,Male,31
1816,15583499,Chiagoziem,West,Male,32
1817,15752816,Murray,West,Male,29
1818,15804075,Chuang,East,Female,36
1819,15800517,Huang,Central,Male,32
1820,15712319,Chukwukere,Central,Male,45
1821,15797389,Hsia,Central,Male,23
1822,15621432,Lee,Central,Male,35
1823,15779390,Theus,Central,Female,31
1824,15711219,Jennings,East,Female,57
1825,15770498,Parker,West,Female,37
1826,15678727,Tan,East,Male,45
1827,15573893,Barry,East,Male,25
1828,15740104,Tuan,Central,Female,22
1829,15792649,Patterson,Central,Female,31
1830,15605275,Ofodile,East,Male,45
1831,15572467,Chandler,West,Male,37
1832,15738219,Nash,West,Female,36
1833,15600710,Atkinson,West,Male,22
1834,15804394,Brenan,East,Male,32
1835,15694188,Obidimkpa,Central,Female,46
1836,15583718,Terry,East,Male,38
1837,15802478,Spring,Central,Male,31
1838,15619343,Mahmood,West,Male,56
1839,15758813,Campbell,East,Male,39
1840,15761374,Bellucci,West,Male,54
1841,15569209,Amaechi,Central,Female,34
1842,15788539,Foxall,West,Female,34
1843,15747222,Bentley,Central,Female,35
1844,15769346,Baird,West,Female,36
1845,15699634,Howard,West,Female,48
1846,15589076,Henry,West,Male,36
1847,15812338,Sopuluchukwu,Central,Female,30
1848,15758845,Rocher,Central,Female,37
1849,15685844,White,East,Female,35
1850,15583090,Komar,Central,Female,29
1851,15587581,Russo,East,Female,33
1852,15633640,Loewenthal,West,Female,52
1853,15573741,Aliyeva,Central,Male,38
1854,15633574,Montes,West,Female,41
1855,15711455,Kuo,East,Female,36
1856,15570601,Cheng,West,Female,47
1857,15690925,McIntosh,Central,Female,29
1858,15709338,T'ao,West,Female,29
1859,15780746,Tyndall,West,Male,61
1860,15681956,Bailey,West,Male,34
1861,15778190,Onyekaozulu,Central,Female,28
1862,15786852,Nwachukwu,East,Female,38
1863,15726494,Romani,West,Male,44
1864,15641183,Chin,Central,Male,25
1865,15805312,Bellucci,West,Male,45
1866,15636572,Christmas,West,Female,32
1867,15632575,Moore,West,Female,70
1868,15740164,Genovesi,West,Female,33
1869,15574947,Cartwright,West,Male,36
1870,15597909,Johnstone,East,Male,33
1871,15782574,Warner,Central,Male,33
1872,15734999,Stephenson,Central,Male,36
1873,15706593,Ellis,Central,Female,50
1874,15766686,Nebechi,East,Female,39
1875,15590268,Chu,Central,Male,35
1876,15763055,Onuchukwu,Central,Male,31
1877,15664754,Steele,East,Male,39
1878,15643630,Quaife,Central,Male,55
1879,15641043,Scott,Central,Male,35
1880,15768095,Yeh,West,Male,31
1881,15811314,Y?,East,Female,36
1882,15669922,Conti,Central,Female,36
1883,15707114,Holder,West,Male,30
1884,15670602,Burgess,East,Male,24
1885,15713479,Ozuluonye,West,Male,35
1886,15663830,De Luca,Central,Male,32
1887,15566958,Li Fonti,Central,Male,39
1888,15680918,Freeman,Central,Male,34
1889,15663921,Pisani,West,Male,60
1890,15716324,Ignatieff,West,Female,23
1891,15796969,Lahti,West,Male,33
1892,15574783,Perkins,West,Female,37
1893,15773487,Conway,East,Female,31
1894,15802486,Hayes,West,Male,34
1895,15783398,Rizzo,Central,Female,49
1896,15649418,Krylov,West,Female,29
1897,15604588,Li Fonti,Central,Female,38
1898,15735428,Talbot,Central,Female,37
1899,15629078,Matthias,East,Female,45
1900,15806880,Boyle,Central,Female,30
1901,15754999,Ch'eng,West,Female,33
1902,15781034,Mason,Central,Male,67
1903,15622017,Bruno,Central,Female,33
1904,15705885,Smeaton,Central,Male,36
1905,15677382,Miller,Central,Female,69
1906,15566843,Gotch,East,Male,20
1907,15608387,Fu,West,Female,29
1908,15810786,O'Toole,West,Female,67
1909,15626983,Ledford,Central,Female,48
1910,15773605,Iadanza,Central,Female,32
1911,15811261,Alaniz,Central,Male,42
1912,15590606,Saunders,West,Male,41
1913,15576644,Lin,East,Female,29
1914,15750264,Pinto,East,Male,30
1915,15741554,Streeter,Central,Male,31
1916,15769051,Shaw,Central,Male,25
1917,15812198,Chen,East,Male,48
1918,15699772,Barclay,East,Female,40
1919,15744105,Kodilinyechukwu,West,Female,28
1920,15739858,Otitodilichukwu,West,Male,56
1921,15723720,McKenzie,West,Female,31
1922,15638355,Woods,West,Female,35
1923,15805637,Hsing,West,Male,36
1924,15629575,Wheare,West,Male,36
1925,15586243,Yobachi,West,Male,44
1926,15757931,Fang,West,Male,24
1927,15716023,Pearson,West,Male,31
1928,15647782,Brown,East,Male,36
1929,15716609,L?,East,Male,54
1930,15623791,Padovesi,Central,Female,40
1931,15627262,Soto,East,Male,23
1932,15652693,Greco,West,Female,26
1933,15586993,Giordano,Central,Female,56
1934,15815560,Bogle,East,Male,74
1935,15584930,Grimmett,East,Male,30
1936,15799031,Ayers,West,Male,39
1937,15810457,Miller,East,Female,33
1938,15697879,Webb,West,Male,30
1939,15594902,Lombardi,West,Male,38
1940,15799710,Wei,West,Male,37
1941,15659651,Ross,East,Female,31
1942,15645956,Jideofor,Central,Male,44
1943,15651713,King,West,Male,45
1944,15737265,Nwokeocha,East,Male,39
1945,15687310,Humphries,Central,Male,39
1946,15607347,Olisaemeka,West,Male,22
1947,15698321,Yobanna,East,Male,34
1948,15657812,Ch'iu,West,Male,52
1949,15569187,Fleming,Central,Male,35
1950,15681562,Trevisan,West,Female,43
1951,15615456,Aleksandrova,West,Female,37
1952,15589793,Onwuamaeze,West,Male,53
1953,15781884,Knox,East,Male,27
1954,15675190,Chia,West,Male,21
1955,15600734,Townsend,Central,Male,51
1956,15779176,Dike,East,Female,58
1957,15605286,Moyes,West,Male,55
1958,15674922,Beavers,West,Male,54
1959,15737506,Tretiakova,West,Male,42
1960,15780514,Fuller,West,Male,33
1961,15623647,Dellucci,Central,Female,36
1962,15668472,Ritchie,Central,Female,24
1963,15692416,Aikenhead,Central,Female,52
1964,15771139,Douglas,East,Male,34
1965,15738318,Kung,West,Female,40
1966,15772243,MacDonald,West,Female,33
1967,15638463,Okwudilichukwu,East,Female,48
1968,15598088,Ni,Central,Male,25
1969,15693468,Simmons,Central,Female,39
1970,15671930,H?,West,Female,36
1971,15762268,Hancock,West,Female,41
1972,15780954,Cran,Central,Male,26
1973,15700174,McKay,Central,Female,30
1974,15635728,P'an,West,Male,41
1975,15679283,Parkhill,West,Female,33
1976,15591386,Golubova,West,Female,35
1977,15694192,Nwankwo,Central,Female,38
1978,15585901,Johnson,Central,Male,35
1979,15792329,Mao,East,Male,37
1980,15635597,Echezonachukwu,West,Male,33
1981,15775880,McElyea,West,Female,30
1982,15630913,Rosas,Central,Female,69
1983,15756680,Phillips,West,Male,28
1984,15587913,Palerma,Central,Female,40
1985,15737605,Morris,Central,Female,45
1986,15627876,Pavlova,Central,Female,47
1987,15772601,Lu,East,Female,41
1988,15758606,Yamamoto,West,Male,54
1989,15657107,Angelo,Central,Female,46
1990,15622454,Zaitsev,Central,Male,28
1991,15775803,Cawker,Central,Male,41
1992,15570859,Froggatt,East,Male,36
1993,15748381,Gorbunov,West,Female,29
1994,15787189,Tai,East,Male,60
1995,15666055,Rowe,West,Female,49
1996,15617648,Mikkelsen,West,Female,44
1997,15755678,Kovalyov,West,Male,62
1998,15624781,Mbanefo,West,Female,34
1999,15779497,Ts'ai,West,Male,43
2000,15567399,Enderby,East,Male,43
2001,15613656,Lombardi,West,Male,58
2002,15734311,Hamilton,West,Female,27
2003,15657214,Hsia,West,Male,74
2004,15799350,Mao,West,Male,41
2005,15729970,Ugochukwu,East,Male,29
2006,15725835,West,East,Female,32
2007,15745543,Hughes,West,Male,39
2008,15727384,Chukwuemeka,East,Female,43
2009,15666916,Lira,West,Male,43
2010,15732917,Li,East,Male,46
2011,15612050,Castiglione,Central,Female,48
2012,15726267,Paterson,West,Male,32
2013,15780124,Blair,West,Male,74
2014,15742238,Dellucci,East,Male,35
2015,15679024,Udinesi,West,Male,32
2016,15715297,Yuan,East,Female,40
2017,15633612,Yuryeva,West,Male,28
2018,15602929,Wilson,Central,Female,37
2019,15696703,Dean,East,Male,27
2020,15756668,Ross,West,Male,30
2021,15565779,Kent,East,Female,30
2022,15795519,Vasiliev,East,Female,18
2023,15761477,Golibe,East,Male,24
2024,15731890,Chukwukere,West,Male,41
2025,15633043,Fedorova,Central,Female,39
2026,15752953,Chien,West,Male,45
2027,15603088,Rossi,Central,Female,23
2028,15606613,Samson,West,Female,59
2029,15635939,Fenton,West,Female,39
2030,15666043,Mackey,West,Male,33
2031,15746190,Payton,Central,Female,28
2032,15591357,Cowger,West,Male,51
2033,15658716,Banks,East,Female,37
2034,15679909,Pugliesi,Central,Male,41
2035,15634262,Fantin,East,Male,34
2036,15799825,Bentley,West,Female,44
2037,15756875,Freeman,Central,Male,34
2038,15678146,Wong,Central,Female,24
2039,15710743,Onwuamaeze,West,Male,47
2040,15595831,Shen,East,Female,64
2041,15626684,Huang,West,Female,38
2042,15709846,Yeh,West,Female,39
2043,15635459,Shih,East,Female,27
2044,15642544,Henderson,West,Male,34
2045,15566494,Fang,West,Male,45
2046,15655238,Dellucci,West,Female,31
2047,15733429,Chou,East,Male,34
2048,15814536,Conti,West,Male,37
2049,15771702,Roberts,West,Female,35
2050,15723008,Lo Duca,West,Female,45
2051,15797160,Glover,West,Female,49
2052,15792222,Johnstone,West,Female,37
2053,15644765,Ashton,East,Male,26
2054,15610686,Melton,West,Male,63
2055,15730868,Marshall,West,Male,41
2056,15705991,Kenenna,East,Male,38
2057,15577078,Zakharov,Central,Male,38
2058,15679550,Chukwualuka,West,Male,32
2059,15787655,Chu,West,Male,47
2060,15668081,Capon,Central,Female,50
2061,15747980,Cattaneo,Central,Male,38
2062,15710295,Patrick,East,Female,38
2063,15724443,Taylor,East,Female,29
2064,15571305,Stephenson,East,Female,35
2065,15569503,Yeh,West,Male,44
2066,15581840,DeRose,West,Male,33
2067,15772262,Vavilov,East,Male,37
2068,15767794,Browne,West,Male,31
2069,15629338,Collingridge de Tourcey,Central,Female,31
2070,15790379,Rowe,East,Male,28
2071,15750684,Jibunoh,West,Female,42
2072,15697214,Korovin,Central,Female,36
2073,15711015,Hammonds,West,Male,36
2074,15573309,Ward,Central,Female,48
2075,15805303,Olisanugo,East,Male,44
2076,15741385,Gallop,East,Male,45
2077,15780254,Gartrell,West,Male,40
2078,15744843,K'ung,Central,Female,34
2079,15815626,Oluchi,West,Male,63
2080,15784736,Jamieson,West,Male,45
2081,15813412,Barlow,West,Female,55
2082,15809143,White,East,Male,32
2083,15617617,Stewart,Central,Male,39
2084,15779738,Buccho,West,Male,24
2085,15668669,Benson,West,Female,36
2086,15687477,Thompson,East,Male,28
2087,15578908,Todd,Central,Female,32
2088,15687658,Burgin,West,Female,52
2089,15615020,Nnaife,East,Female,41
2090,15608886,Okwudiliolisa,West,Female,33
2091,15602551,Johnson,Central,Male,39
2092,15672945,Parkes,West,Female,37
2093,15757408,Lo,Central,Male,38
2094,15806132,Martin,West,Male,55
2095,15813022,Kapustina,Central,Male,70
2096,15673578,Page,East,Female,40
2097,15757916,Amaechi,West,Female,38
2098,15689168,Munro,Central,Male,37
2099,15769216,Panicucci,West,Female,43
2100,15593295,Greathouse,West,Male,57
2101,15804814,Ts'ui,West,Male,40
2102,15778934,Napolitani,Central,Female,49
2103,15802351,Beers,East,Female,33
2104,15630241,Tretyakova,West,Male,61
2105,15719561,Lin,West,Male,42
2106,15615096,Costa,West,Female,31
2107,15659931,Ibezimako,East,Female,55
2108,15714586,Marcelo,Central,Female,42
2109,15634949,Hay,East,Male,74
2110,15589224,Moore,Central,Male,41
2111,15795990,Lumholtz,East,Female,48
2112,15603216,Simpson,West,Male,25
2113,15631201,Hill,Central,Female,28
2114,15686255,Mouzon,East,Male,35
2115,15746594,Wu,Central,Male,33
2116,15718893,Pirozzi,East,Female,54
2117,15671609,Ibeabuchi,West,Male,44
2118,15652540,Garnsey,West,Male,31
2119,15774857,Synnot,West,Female,27
2120,15791836,Wildman,West,Male,29
2121,15651554,Anenechukwu,East,Female,54
2122,15583576,Tai,West,Male,30
2123,15732740,Plant,Central,Female,32
2124,15723320,Azubuike,East,Female,25
2125,15603851,Galkin,West,Male,32
2126,15777923,Johnston,West,Female,45
2127,15735719,Babbage,West,Female,40
2128,15703482,Walker,East,Male,34
2129,15605835,Rice,West,Male,37
2130,15664881,Norton,West,Male,34
2131,15757568,Bogolyubov,West,Female,45
2132,15792660,Gibbons,West,Male,38
2133,15599722,Chia,Central,Female,43
2134,15726354,Smith,West,Female,32
2135,15610355,Hunter,West,Male,44
2136,15704284,Ekechukwu,East,Male,57
2137,15621893,Bellucci,West,Male,18
2138,15588219,Ford,West,Female,38
2139,15688619,Scott,Central,Male,45
2140,15765518,Gregson,West,Female,51
2141,15616931,Moore,West,Male,41
2142,15758372,Wallace,West,Male,18
2143,15782591,Cook,West,Male,35
2144,15612109,Speth,West,Male,38
2145,15613712,Boag,Central,Male,34
2146,15639322,Grave,Central,Male,33
2147,15594349,Streeten,West,Male,49
2148,15574167,Fox,West,Male,33
2149,15811842,Artemyeva,Central,Male,26
2150,15648794,Giordano,Central,Male,57
2151,15771211,Perkins,West,Male,38
2152,15588614,Walton,West,Male,57
2153,15630698,Hay,West,Female,55
2154,15694200,Gardner,West,Male,36
2155,15721426,Milne,East,Male,65
2156,15725997,She,West,Female,35
2157,15762138,Hu,West,Male,42
2158,15750649,Uwakwe,West,Female,44
2159,15685706,Bird,West,Female,40
2160,15641835,Anderson,West,Male,72
2161,15586821,Bellew,West,Male,28
2162,15569678,Cocci,East,Male,32
2163,15793842,Krichauff,West,Female,34
2164,15667554,Cameron,West,Male,35
2165,15794479,Becker,Central,Male,77
2166,15585041,Ainsworth,West,Male,33
2167,15780650,Biryukov,West,Male,40
2168,15780846,Redding,West,Male,33
2169,15805260,Wood,East,Female,56
2170,15621629,Scott,East,Male,43
2171,15662151,Gould,West,Male,40
2172,15747174,Hao,East,Male,58
2173,15651585,Power,East,Male,35
2174,15649738,White,West,Female,46
2175,15633108,Thorpe,West,Male,26
2176,15769254,Tuan,East,Female,34
2177,15704746,Inman,Central,Male,35
2178,15637644,Hanson,West,Female,24
2179,15609562,MacDonald,Central,Female,43
2180,15787459,Parkes,Central,Male,40
2181,15762902,Stanley,West,Female,42
2182,15738605,Fischer,East,Female,46
2183,15724889,Chinweuba,Central,Male,38
2184,15730735,Henning,West,Male,38
2185,15689147,Ogochukwu,West,Female,40
2186,15730397,Narelle,Central,Male,40
2187,15762169,Bergman,East,Male,37
2188,15589320,Sagese,Central,Male,34
2189,15799211,Anenechi,Central,Female,32
2190,15798310,Palerma,West,Male,35
2191,15609998,Okwudilichukwu,East,Female,59
2192,15583548,Harrison,Central,Female,47
2193,15761763,Jamieson,West,Male,33
2194,15764409,Goodman,West,Male,37
2195,15710161,Ko,West,Female,34
2196,15735246,Norman,Central,Female,58
2197,15791700,Ugochukwutubelum,East,Male,47
2198,15670753,Uvarova,Central,Male,35
2199,15573876,Chia,Central,Male,48
2200,15770174,Piazza,West,Male,29
2201,15641114,Power,West,Male,37
2202,15682435,P'eng,West,Male,35
2203,15751788,Johnson,Central,Male,28
2204,15672598,Walker,Central,Male,30
2205,15762803,Innes,West,Male,31
2206,15812982,Francis,Central,Male,38
2207,15597901,Chidozie,West,Male,34
2208,15731507,Mackenzie,West,Female,33
2209,15809826,Craigie,West,Female,46
2210,15764237,Manfrin,Central,Male,33
2211,15769917,Onyekachi,East,Female,34
2212,15641850,Pethard,West,Male,40
2213,15770974,Nwabugwu,East,Female,37
2214,15803749,DeRose,East,Female,41
2215,15684999,Ch'eng,West,Female,26
2216,15770225,Padovesi,West,Male,36
2217,15627484,Obielumani,West,Female,47
2218,15610337,Stephens,Central,Male,35
2219,15752488,Emery,Central,Female,31
2220,15610056,Dufresne,East,Female,34
2221,15806049,Lee,East,Female,49
2222,15736069,Hsing,East,Female,35
2223,15763662,Longo,East,Male,43
2224,15615575,Vial,West,Male,34
2225,15691723,Chukwudi,Central,Male,55
2226,15774098,Grant,East,Male,38
2227,15750808,Ma,Central,Male,46
2228,15744368,Sun,Central,Male,58
2229,15610594,Moss,West,Female,37
2230,15756125,Booth,Central,Male,44
2231,15623277,Ross,West,Female,30
2232,15795954,Ndukaku,West,Male,35
2233,15671969,Pruneda,Central,Male,36
2234,15791268,Neumann,Central,Male,38
2235,15713655,Calabrese,West,Female,38
2236,15633930,Yobachukwu,Central,Female,56
2237,15712849,Tung,East,Male,41
2238,15639077,Marchesi,West,Female,30
2239,15808784,Hess,West,Male,28
2240,15648577,Pickering,West,Female,31
2241,15670345,Mazzi,East,Female,33
2242,15633112,Madukaego,East,Male,42
2243,15714397,Trentino,East,Female,30
2244,15780038,Paterson,Central,Male,38
2245,15756305,Marchesi,West,Female,66
2246,15578799,Anayolisa,West,Female,58
2247,15800326,Poole,Central,Female,39
2248,15785485,Zhou,East,Female,41
2249,15783958,Bates,Central,Female,37
2250,15727546,Olejuru,West,Male,35
2251,15739576,Bustard,Central,Male,20
2252,15631333,Wade,Central,Female,25
2253,15604782,Tan,East,Female,33
2254,15589643,Ngozichukwuka,Central,Female,41
2255,15585533,Calabrese,West,Male,36
2256,15681506,Lane,Central,Male,43
2257,15630551,Forbes,West,Male,33
2258,15698349,Davy,Central,Female,35
2259,15776631,Ma,West,Female,36
2260,15762216,Barrera,West,Female,41
2261,15623927,Alexander,West,Male,55
2262,15681402,Ngozichukwuka,East,Female,61
2263,15586264,Murray,West,Male,43
2264,15594685,Hall,West,Female,49
2265,15812945,Padovesi,West,Female,29
2266,15734628,Lysaght,West,Female,35
2267,15629323,Kelechi,East,Female,37
2268,15666823,Nebechi,West,Male,39
2269,15777553,Hanson,West,Female,56
2270,15613097,Kao,West,Female,33
2271,15622217,Tu,West,Female,38
2272,15703588,Palerma,East,Male,25
2273,15570835,Fallaci,East,Female,57
2274,15679299,Shen,Central,Female,27
2275,15808044,Ts'ui,West,Female,65
2276,15579208,Chikezie,West,Female,48
2277,15684951,He,West,Female,59
2278,15667620,Dreyer,West,Female,43
2279,15582960,Short,West,Female,33
2280,15590730,Hunt,Central,Male,34
2281,15763747,Ricci,West,Male,36
2282,15778320,Teng,East,Female,40
2283,15642787,Ijendu,West,Male,37
2284,15624633,Kibby,West,Male,45
2285,15766765,Obiuto,East,Male,39
2286,15783615,Ramos,East,Male,50
2287,15640161,Calabrese,East,Male,44
2288,15619889,Vasin,West,Male,26
2289,15579166,Munro,West,Female,30
2290,15789097,Keeley,West,Male,48
2291,15674880,Archer,Central,Male,50
2292,15778157,Murray,Central,Male,27
2293,15779064,Chidiegwu,West,Male,27
2294,15801265,Tang,Central,Female,45
2295,15589204,Farrar,West,Male,33
2296,15664543,Shaw,West,Male,40
2297,15582714,Napolitani,East,Male,47
2298,15797595,Greenhalgh,West,Female,40
2299,15614034,Martin,East,Male,61
2300,15763171,Hu,East,Female,25
2301,15647266,Y?an,Central,Female,45
2302,15757577,Odili,West,Female,61
2303,15736656,H?,West,Female,49
2304,15635078,Chiemela,Central,Male,45
2305,15680141,Yuan,Central,Female,35
2306,15576945,Clements,West,Male,29
2307,15602034,Kolesnikov,West,Female,34
2308,15732020,Rutherford,East,Male,57
2309,15611029,Hsiung,East,Female,33
2310,15621210,Angelo,East,Male,46
2311,15569222,Mendes,West,Male,32
2312,15664639,McGregor,West,Male,19
2313,15724223,Bronner,West,Female,55
2314,15644621,Mironova,East,Female,40
2315,15756056,Ku,Central,Female,28
2316,15700353,Evans,West,Female,37
2317,15624388,Henderson,East,Female,50
2318,15627212,Smith,West,Female,36
2319,15648005,Russell,Central,Male,33
2320,15681446,Sun,East,Female,37
2321,15775888,McDonald,East,Female,38
2322,15749019,Wong,East,Male,45
2323,15709928,Niu,Central,Female,41
2324,15784676,Fanucci,West,Male,51
2325,15748116,Zetticci,West,Female,29
2326,15612193,Hsia,Central,Male,29
2327,15762984,McIntosh,Central,Male,35
2328,15613713,Kozlova,West,Male,30
2329,15664204,Meany,Central,Male,29
2330,15639415,Thompson,West,Male,35
2331,15806332,Le Gallienne,Central,Female,39
2332,15614929,Cheng,East,Male,28
2333,15695492,P'eng,West,Female,29
2334,15635972,Lloyd,Central,Male,36
2335,15616380,Wheeler,Central,Female,37
2336,15581440,Christie,East,Female,48
2337,15654390,He,West,Male,33
2338,15660688,King,Central,Female,35
2339,15806307,Favors,West,Male,37
2340,15647975,Vida,East,Male,26
2341,15595728,Thomas,East,Male,41
2342,15735388,Wayn,West,Female,25
2343,15788535,Tan,Central,Male,44
2344,15765902,Gibson,East,Male,38
2345,15642345,Y?,East,Female,49
2346,15641250,Calabresi,Central,Male,38
2347,15706163,Enyinnaya,East,Male,46
2348,15746708,Ritchie,East,Male,55
2349,15775203,Chia,West,Male,45
2350,15787907,Wang,East,Female,42
2351,15646764,Lorenzo,East,Female,58
2352,15678284,Pai,West,Male,35
2353,15726791,Nuttall,Central,Female,45
2354,15813144,Osborne,West,Female,26
2355,15669342,Ferri,East,Male,35
2356,15710366,Hamilton,Central,Female,42
2357,15614934,McEwan,East,Female,37
2358,15588701,Lai,West,Female,38
2359,15665438,Hs?,West,Male,43
2360,15644896,Thompson,East,Male,32
2361,15670205,Boyd,East,Female,41
2362,15635776,Trevisani,East,Female,43
2363,15791053,Lucciano,East,Male,45
2364,15644005,Holman,West,Female,33
2365,15796343,Bazhenov,West,Female,31
2366,15751057,Douglas,East,Male,32
2367,15623430,Hill,West,Male,34
2368,15682600,Lo,East,Male,39
2369,15769312,Forbes,Central,Male,48
2370,15708212,Lin,Central,Female,54
2371,15650258,Sinclair,West,Female,35
2372,15604345,Kemp,West,Female,22
2373,15578297,Ebelegbulam,East,Female,43
2374,15671789,Woods,West,Male,31
2375,15726186,Genovese,Central,Male,29
2376,15764618,Tseng,Central,Female,39
2377,15730738,Chiang,Central,Male,31
2378,15637650,Williams,West,Male,50
2379,15606267,Wilson,West,Female,38
2380,15625904,Wang,West,Male,26
2381,15654463,Moore,West,Male,34
2382,15774151,Iadanza,Central,Female,41
2383,15693259,Wallace,West,Male,30
2384,15642468,Clark,West,Male,42
2385,15758531,Y?,West,Female,40
2386,15728352,Yermakov,West,Male,27
2387,15637240,Wei,West,Male,46
2388,15595588,Chukwunonso,Central,Female,39
2389,15778395,McIntyre,East,Male,34
2390,15711825,Ts'ai,Central,Female,35
2391,15599251,Chung,East,Male,32
2392,15570004,Tsou,West,Male,31
2393,15656912,Aitken,Central,Male,51
2394,15657342,Dawson,East,Male,28
2395,15716284,Ward,West,Male,43
2396,15672374,Pai,West,Male,52
2397,15732476,Ifeanyichukwu,West,Female,27
2398,15747724,Briggs,Central,Female,34
2399,15633877,Morrison,Central,Female,42
2400,15672516,Wall,East,Male,51
2401,15607827,Nebechukwu,East,Male,34
2402,15751336,Yao,Central,Male,30
2403,15646539,Liao,West,Male,31
2404,15756901,Ch'ang,West,Female,26
2405,15809286,Burke,East,Male,37
2406,15759021,Kay,West,Male,35
2407,15725039,McIntyre,Central,Male,32
2408,15579130,Chidiegwu,East,Female,43
2409,15754112,Musgrove,Central,Male,55
2410,15735522,Boulger,East,Male,37
2411,15613326,Gow,West,Female,33
2412,15739502,Amaechi,East,Female,31
2413,15670914,Robe,West,Male,38
2414,15604073,Bibi,East,Female,25
2415,15806027,Niu,West,Female,52
2416,15574886,Palerma,West,Male,32
2417,15707120,Cocci,West,Male,46
2418,15800845,Artemieva,Central,Female,33
2419,15603914,Arcuri,West,Male,40
2420,15722765,Owen,Central,Female,57
2421,15783305,Franklin,West,Female,46
2422,15574842,Lorenzo,East,Female,25
2423,15607837,Muriel,West,Female,29
2424,15714877,MacDevitt,West,Female,29
2425,15782941,Chijindum,West,Male,31
2426,15630167,Gibson,Central,Female,39
2427,15759038,Whitehead,West,Female,41
2428,15661821,Johnstone,East,Female,49
2429,15728006,Endrizzi,West,Male,40
2430,15712176,Burke,West,Male,31
2431,15689351,Johnson,East,Female,41
2432,15782247,Yeh,West,Male,22
2433,15769064,Marshall,East,Male,39
2434,15718153,Kao,Central,Female,74
2435,15613189,Browne,West,Female,52
2436,15661734,Taylor,East,Male,42
2437,15592645,Gibbons,Central,Male,37
2438,15768387,Nott,West,Male,41
2439,15792525,Lei,East,Female,61
2440,15586976,Alexeeva,West,Female,42
2441,15790659,Sheets,Central,Male,59
2442,15691446,Tokaryev,Central,Male,29
2443,15772632,Ts'ui,West,Female,34
2444,15706587,Johnston,West,Male,57
2445,15572461,Kung,East,Female,29
2446,15654409,Unwin,West,Female,34
2447,15568025,Hsueh,West,Male,51
2448,15715769,Hao,West,Male,26
2449,15667458,L?,East,Male,28
2450,15567980,Frater,East,Female,46
2451,15679294,Brennan,West,Female,46
2452,15606507,Pisani,West,Male,24
2453,15578825,Golubev,West,Female,29
2454,15619935,Vanmeter,Central,Female,59
2455,15636089,Hs?,East,Female,51
2456,15727490,Scott,West,Male,47
2457,15591766,Crawford,Central,Female,25
2458,15641629,P'eng,Central,Female,38
2459,15813303,Rearick,Central,Male,88
2460,15756920,Genovesi,West,Male,63
2461,15726403,Glenny,East,Male,41
2462,15592765,Marks,West,Male,40
2463,15704442,Fleming,West,Female,53
2464,15641136,Davison,West,Male,32
2465,15725818,Chibuzo,East,Male,40
2466,15612071,Wilson,Central,Female,32
2467,15719809,Endrizzi,East,Male,32
2468,15716518,Yuryeva,West,Female,27
2469,15742210,Ugochukwu,West,Male,38
2470,15630617,Lo Duca,East,Male,36
2471,15720838,Gallo,Central,Female,31
2472,15595537,Trout,East,Male,49
2473,15623196,Morley,West,Male,38
2474,15679249,Chou,East,Female,57
2475,15693199,Shao,West,Female,37
2476,15661219,Trentino,West,Male,32
2477,15617136,Mazzanti,East,Female,38
2478,15760294,Endrizzi,West,Female,41
2479,15652808,Monaldo,West,Female,41
2480,15657139,Otutodilinna,West,Female,40
2481,15803790,Allen,East,Male,37
2482,15764105,Milne,West,Female,57
2483,15672610,Somadina,Central,Male,40
2484,15766896,Chieloka,West,Male,37
2485,15587735,Chukwuebuka,West,Male,39
2486,15659501,Chioke,West,Female,38
2487,15745001,Kovalev,Central,Female,36
2488,15651140,Doherty,West,Female,32
2489,15571148,Baranov,Central,Female,21
2490,15776824,Rossi,West,Male,28
2491,15633141,Robinson,East,Female,35
2492,15764174,Bidencope,Central,Female,26
2493,15778155,T'ien,East,Female,31
2494,15715920,De Bernales,Central,Male,23
2495,15671917,Wade,West,Male,46
2496,15666548,Chung,East,Female,56
2497,15625623,Stevenson,West,Female,45
2498,15748123,Chienezie,West,Male,20
2499,15648735,Cashin,West,Male,37
2500,15634974,Seppelt,West,Female,37
2501,15713378,Brownless,West,Male,38
2502,15753370,McDonald,East,Female,38
2503,15782659,Mamelu,West,Male,32
2504,15583364,McGregor,West,Female,32
2505,15625942,McDonald,Central,Female,45
2506,15720284,Crawford,East,Female,37
2507,15679642,Feng,Central,Male,44
2508,15628007,Genovese,West,Male,33
2509,15661974,Pirozzi,West,Male,46
2510,15689341,Gibbs,West,Female,50
2511,15607993,Milne,West,Female,52
2512,15693267,Dickson,East,Female,34
2513,15769522,O'Connor,West,Male,51
2514,15755825,McGuirk,West,Male,39
2515,15598175,Toscani,East,Female,26
2516,15744327,Ruth,West,Male,40
2517,15798666,Hughes,West,Female,36
2518,15577064,Onyekaozulu,East,Male,36
2519,15759436,Aksenov,West,Female,50
2520,15690231,K'ung,Central,Female,62
2521,15751561,Meng,East,Male,61
2522,15739068,Nwoye,East,Male,25
2523,15758056,Calabresi,West,Male,35
2524,15742269,Milano,West,Female,24
2525,15726490,Kirby,Central,Male,52
2526,15738411,Ho,West,Male,34
2527,15727919,Chukwuemeka,Central,Female,29
2528,15709396,Hale,West,Male,42
2529,15654106,K?,West,Male,26
2530,15621653,Rice,West,Female,29
2531,15598086,Brown,West,Female,45
2532,15752300,Sagese,East,Male,47
2533,15658693,Aksyonova,West,Female,60
2534,15631838,Findlay,West,Male,61
2535,15803804,Walker,East,Female,35
2536,15578809,Hao,East,Male,40
2537,15752026,Hammer,West,Male,58
2538,15723706,Abbott,West,Female,33
2539,15752838,Lucas,Central,Male,38
2540,15569571,Davydova,East,Female,46
2541,15769703,West,East,Female,45
2542,15679770,Smith,West,Female,61
2543,15791102,Mai,East,Male,41
2544,15655192,Fiorentino,Central,Female,24
2545,15709487,Freeman,East,Male,34
2546,15687130,Nkemjika,West,Female,43
2547,15755178,Ramos,West,Male,50
2548,15634772,Mario,Central,Female,59
2549,15617197,Chien,West,Male,50
2550,15631240,Dubinina,West,Female,36
2551,15784301,Wang,West,Male,42
2552,15631310,Hsieh,West,Female,53
2553,15756560,Moran,Central,Female,46
2554,15732270,Hung,Central,Male,71
2555,15739357,Moss,Central,Male,30
2556,15771540,Fedorova,West,Male,38
2557,15567486,Li,Central,Female,41
2558,15714634,Nebechi,West,Male,26
2559,15727021,Obialo,East,Female,30
2560,15650670,Bateson,East,Female,40
2561,15711834,Long,Central,Female,30
2562,15729763,Nelson,Central,Male,34
2563,15646566,Bell,West,Female,58
2564,15645463,Udinese,West,Female,27
2565,15672144,Mao,West,Female,38
2566,15596088,Fanucci,West,Female,50
2567,15614878,Yeh,East,Female,29
2568,15635240,Onuoha,West,Male,42
2569,15775905,Moore,East,Female,47
2570,15700657,Thornton,East,Female,40
2571,15611905,Warlow-Davies,Central,Female,31
2572,15652527,Champion,West,Male,44
2573,15785865,Mazzanti,West,Male,58
2574,15645942,Macleod,Central,Male,40
2575,15688691,Lei,East,Female,51
2576,15592736,Lucchese,East,Male,54
2577,15673529,Lombardo,Central,Male,36
2578,15724145,William,East,Male,29
2579,15704629,Wright,West,Female,32
2580,15597896,Ozoemena,East,Male,30
2581,15731790,Boyle,East,Female,38
2582,15634719,Chinwendu,West,Male,31
2583,15703205,Uwaezuoke,West,Female,46
2584,15567333,Archambault,West,Female,31
2585,15754537,Ko,West,Male,40
2586,15612030,Udegbulam,West,Male,28
2587,15573242,Greene,West,Male,50
2588,15601892,Hunter,West,Male,33
2589,15663885,Blinova,West,Male,32
2590,15701096,De Garis,West,Male,44
2591,15710450,Okwudiliolisa,Central,Male,22
2592,15790846,Ts'ai,East,Male,38
2593,15658956,Tuan,East,Male,40
2594,15755223,Tseng,East,Male,53
2595,15787318,Holmwood,East,Female,47
2596,15737310,Thompson,West,Male,29
2597,15763665,Y?,West,Female,28
2598,15668818,Chidubem,Central,Female,40
2599,15765812,Trevisani,Central,Male,48
2600,15704844,Hsiung,Central,Male,62
2601,15744582,Randall,West,Female,24
2602,15616700,Leach,Central,Female,41
2603,15683521,Godfrey,East,Male,28
2604,15583049,Wallace,East,Female,34
2605,15643752,Wei,West,Male,25
2606,15620398,Mitchell,Central,Female,34
2607,15715707,Light,West,Male,32
2608,15814209,Capon,West,Male,31
2609,15733768,Hou,West,Male,32
2610,15755242,Rowe,West,Female,46
2611,15729412,Holloway,West,Male,38
2612,15746564,O'Sullivan,West,Male,42
2613,15588446,Udinesi,Central,Male,34
2614,15665221,Nwebube,West,Male,26
2615,15640846,Chibueze,East,Female,58
2616,15700209,Walker,West,Male,63
2617,15658360,Gregory,Central,Male,35
2618,15602735,Kuo,East,Male,45
2619,15724834,Wilson,West,Female,30
2620,15800062,Lanford,Central,Male,49
2621,15685300,Meng,West,Male,35
2622,15760102,Yeh,West,Female,36
2623,15787026,Onwuatuegwu,East,Male,27
2624,15653696,Goliwe,West,Female,28
2625,15788946,Anthony,Central,Female,29
2626,15600724,Scott,East,Male,29
2627,15574324,Genovese,East,Female,29
2628,15707144,Onyeorulu,East,Male,25
2629,15775891,Myers,East,Male,48
2630,15711789,Davey,Central,Female,42
2631,15600879,Parsons,East,Female,36
2632,15681196,Chikere,West,Male,35
2633,15716000,Hs?eh,Central,Male,48
2634,15766776,Sal,West,Male,41
2635,15680278,Ts'ai,Central,Female,42
2636,15688637,Witt,West,Female,27
2637,15591179,Skelton,Central,Male,30
2638,15677435,Kazantseva,West,Female,29
2639,15698619,Bowhay,West,Male,43
2640,15581036,Beyer,East,Female,40
2641,15622117,Fries,Central,Female,31
2642,15599301,Tao,East,Female,28
2643,15581548,Kaodilinakachukwu,Central,Female,22
2644,15586870,Ni,West,Male,27
2645,15735263,Hsueh,West,Male,27
2646,15765322,Connely,West,Male,23
2647,15582944,Becker,Central,Female,39
2648,15687162,Clayton,West,Male,51
2649,15644962,Connolly,West,Male,21
2650,15612615,Graham,West,Female,37
2651,15813439,Ch'ien,West,Male,33
2652,15604544,Manfrin,East,Male,40
2653,15761348,Kuo,West,Female,38
2654,15785078,Fomin,Central,Male,26
2655,15759874,Chamberlain,West,Male,44
2656,15643658,Barber,East,Male,53
2657,15713267,Zimmer,Central,Female,34
2658,15737782,Brazenor,West,Male,29
2659,15815490,Cocci,East,Male,40
2660,15679410,Caldwell,West,Female,62
2661,15756241,Yirawala,West,Female,44
2662,15688409,Donaldson,West,Female,28
2663,15742272,Ozerova,West,Female,44
2664,15717898,Bruce,Central,Male,32
2665,15769582,Kang,West,Male,29
2666,15635660,Rossi,East,Male,30
2667,15576723,Ts'ai,West,Female,37
2668,15591577,Moran,West,Male,35
2669,15582325,Jennings,West,Male,52
2670,15693947,Tokareva,West,Female,19
2671,15760446,Pagnotto,West,Female,64
2672,15611105,Castella,Central,Male,35
2673,15630920,Du Cane,West,Male,34
2674,15574910,Ferguson,West,Male,50
2675,15756472,Odinakachukwu,West,Male,25
2676,15682890,Woronoff,East,Male,38
2677,15641994,Meng,East,Male,43
2678,15733297,Sinclair,West,Female,38
2679,15767793,Hsu,West,Female,38
2680,15725698,Panicucci,Central,Female,35
2681,15813532,Burns,West,Female,39
2682,15576760,Onodugoadiegbemma,East,Male,36
2683,15732102,Darling,East,Female,27
2684,15739046,Maggard,Central,Female,23
2685,15631927,Thomas,Central,Female,28
2686,15672115,Lettiere,West,Male,60
2687,15618765,Ponomaryov,East,Female,42
2688,15679148,Oliver,West,Male,44
2689,15728474,Chienezie,East,Male,32
2690,15636999,Mao,West,Male,38
2691,15754261,Ho,Central,Male,42
2692,15629150,Lucchese,West,Female,37
2693,15736274,Prokhorova,West,Male,31
2694,15627697,Alekseyeva,West,Male,34
2695,15721585,Blacklock,East,Male,29
2696,15639946,Sazonova,East,Female,39
2697,15792176,Henty,Central,Female,40
2698,15699450,Li,West,Male,48
2699,15729954,Azuka,West,Female,28
2700,15600103,Alexander,East,Female,29
2701,15786200,Brock,West,Male,31
2702,15797010,Shen,West,Female,31
2703,15670172,Padovesi,West,Female,30
2704,15627352,Bulgakov,East,Male,46
2705,15622494,Mazzanti,West,Male,27
2706,15585835,Lord,Central,Female,34
2707,15595071,Ramos,West,Male,22
2708,15628203,Pai,West,Female,38
2709,15667190,Yuan,Central,Female,21
2710,15780212,Mao,West,Male,37
2711,15766869,Uspenskaya,East,Male,37
2712,15775741,Powell,West,Female,28
2713,15628170,Brown,East,Female,32
2714,15701318,Poole,Central,Male,67
2715,15710928,McChesney,West,Female,55
2716,15682547,Lucchese,West,Male,38
2717,15631170,Clements,West,Male,45
2718,15648702,Yuriev,East,Male,70
2719,15783444,Endrizzi,West,Female,39
2720,15809178,Pan,East,Female,42
2721,15806688,Manfrin,Central,Female,56
2722,15576824,Kennedy,East,Female,44
2723,15675422,Conway,West,Female,32
2724,15681550,Lablanc,West,Female,41
2725,15812628,Dodd,East,Female,38
2726,15597951,Muir,West,Female,58
2727,15807045,Milanesi,East,Female,37
2728,15581748,Shen,East,Male,57
2729,15770420,Dillon,East,Male,46
2730,15608230,Hoelscher,West,Male,23
2731,15730339,Bell,Central,Male,30
2732,15712584,Liao,West,Female,33
2733,15592816,Udokamma,East,Female,48
2734,15641480,Sinnett,West,Male,32
2735,15708505,Palerma,East,Female,37
2736,15791131,Chimaijem,East,Female,30
2737,15618225,Porter,East,Male,36
2738,15644724,Fan,West,Male,31
2739,15662098,Palmer,Central,Male,41
2740,15723894,Younger,West,Male,45
2741,15787699,Burke,East,Male,34
2742,15687738,Nwagugheuzo,West,Female,38
2743,15576126,Young,West,Female,41
2744,15658889,Watson,West,Male,22
2745,15667046,Tseng,Central,Male,38
2746,15669957,Drake,East,Male,52
2747,15655794,Hanna,West,Male,36
2748,15599829,Padovesi,West,Female,35
2749,15753332,Loftus,East,Male,48
2750,15671124,Buccho,West,Male,25
2751,15767474,Lorenzo,West,Female,57
2752,15720671,Ibezimako,West,Male,42
2753,15626787,Wei,Central,Female,31
2754,15774491,Ross,West,Female,28
2755,15579647,Oluchukwu,West,Male,42
2756,15625522,Walker,Central,Male,31
2757,15765806,Wu,West,Male,29
2758,15566708,Chidalu,West,Female,45
2759,15668347,Ingram,West,Male,36
2760,15575214,Ch'en,West,Male,37
2761,15591123,Iredale,East,Male,68
2762,15573280,Gallagher,East,Male,50
2763,15589018,Padilla,East,Male,28
2764,15654495,Potter,East,Female,47
2765,15597265,Mao,West,Male,38
2766,15733876,Schneider,West,Male,36
2767,15677217,Ibragimova,West,Male,30
2768,15747265,Huang,East,Female,27
2769,15713379,Anderson,West,Male,26
2770,15730433,Nakayama,East,Female,38
2771,15693347,Gardener,West,Female,32
2772,15715465,Aksenova,East,Male,28
2773,15680736,Milne,East,Female,72
2774,15610765,Onwumelu,West,Male,29
2775,15650034,Kudryashova,West,Female,28
2776,15782468,Hart,Central,Male,51
2777,15685109,Teng,West,Male,39
2778,15776233,Kruglova,East,Female,61
2779,15761141,Palerma,Central,Female,71
2780,15781702,Brookes,East,Male,38
2781,15790235,Hsing,Central,Male,40
2782,15641416,Shaffer,East,Female,61
2783,15775234,Laurie,West,Male,24
2784,15659475,Chung,West,Female,33
2785,15642202,Whitfield,East,Female,37
2786,15771417,Thomas,West,Male,43
2787,15585100,Rioux,East,Female,40
2788,15700487,Osonduagwuike,West,Male,46
2789,15726589,Matveyev,East,Male,39
2790,15747503,Hayward,Central,Male,44
2791,15595883,Nkemdirim,East,Male,39
2792,15663826,Brim,Central,Female,66
2793,15742820,Trevisano,West,Female,45
2794,15624793,Soubeiran,East,Male,23
2795,15597930,Wilson,West,Male,52
2796,15665110,Helena,West,Female,25
2797,15770719,Duncan,West,Female,39
2798,15731327,Hale,East,Male,27
2799,15576044,Macdonald,East,Male,28
2800,15775662,McKay,West,Male,43
2801,15646817,Chiekwugo,West,Male,51
2802,15596060,Skinner,Central,Male,29
2803,15723299,Sorokina,West,Male,53
2804,15636982,Weller,East,Female,43
2805,15751175,Bess,West,Female,44
2806,15618936,MacDonald,West,Female,51
2807,15787529,Gray,Central,Male,38
2808,15780128,Ogbonnaya,West,Male,33
2809,15615991,Udegbulam,West,Male,42
2810,15757001,Mai,West,Female,32
2811,15595388,Yeh,West,Female,30
2812,15699550,Babbage,Central,Female,34
2813,15581620,Franklin,West,Male,28
2814,15600934,Randell,West,Female,52
2815,15738672,Paterson,East,Female,40
2816,15721307,Pickering,East,Male,37
2817,15619280,Uspensky,West,Male,25
2818,15768244,Macleod,Central,Female,30
2819,15806837,Nnaife,West,Male,37
2820,15643496,Randolph,West,Female,34
2821,15813916,Kudryashova,West,Female,31
2822,15626385,George,Central,Female,33
2823,15603582,Robertson,Central,Female,34
2824,15764351,Yuryeva,East,Female,59
2825,15667938,Hurst,West,Male,32
2826,15576360,Ch'iu,West,Male,40
2827,15628813,King,West,Female,43
2828,15584190,Esposito,West,Male,36
2829,15716449,Fraser,Central,Male,33
2830,15759913,Trentini,East,Male,43
2831,15701555,Nicholls,Central,Male,53
2832,15758482,Montalvo,West,Female,32
2833,15758171,Tien,West,Male,20
2834,15680346,Chuang,Central,Male,40
2835,15649124,Fang,West,Male,30
2836,15812917,Kosisochukwu,Central,Male,35
2837,15768455,Young,West,Male,60
2838,15703059,Scott,East,Female,49
2839,15646196,Yeh,Central,Female,36
2840,15585451,Vigano,East,Female,32
2841,15714057,Windradyne,Central,Male,40
2842,15748473,Curnow,West,Male,38
2843,15785782,Ugonna,Central,Male,48
2844,15693233,De Neeve,East,Male,38
2845,15757521,Ricci,West,Male,35
2846,15812513,Nnaife,East,Male,45
2847,15674950,Ebelechukwu,East,Male,39
2848,15678572,Keating,Central,Male,38
2849,15713608,Tuan,West,Female,41
2850,15579262,Shearston,West,Male,41
2851,15610426,Tien,West,Female,39
2852,15776454,Hamilton,West,Female,48
2853,15771483,Arnold,West,Male,40
2854,15648489,Ting,West,Male,53
2855,15646609,Chao,West,Male,33
2856,15693203,Powell,Central,Female,75
2857,15813067,Williams,East,Female,45
2858,15769829,Cheng,Central,Male,51
2859,15662434,Zhdanova,West,Male,25
2860,15773503,Tsai,Central,Male,32
2861,15705890,Nebechukwu,West,Male,45
2862,15711398,Fetherstonhaugh,West,Female,25
2863,15752375,Ojiofor,East,Male,33
2864,15659175,Severson,West,Female,43
2865,15597033,Speight,East,Male,37
2866,15590228,Greenwalt,West,Male,21
2867,15631848,Grover,West,Female,26
2868,15654211,Milani,Central,Female,27
2869,15707968,Akobundu,Central,Male,36
2870,15594084,Anderson,West,Male,22
2871,15651093,Chien,West,Female,55
2872,15798824,Kennedy,Central,Male,38
2873,15671591,Castiglione,Central,Male,52
2874,15707189,Marshall,East,Female,36
2875,15733581,Duncan,East,Male,32
2876,15641640,Uspenskaya,Central,Female,33
2877,15585284,Thomson,Central,Female,35
2878,15617866,Calabrese,Central,Male,67
2879,15667751,Herrera,Central,Female,36
2880,15669411,Muse,East,Female,52
2881,15789425,Marsden,East,Female,37
2882,15570943,Artemyeva,East,Female,35
2883,15685829,McKay,West,Male,37
2884,15721917,Chuang,West,Female,38
2885,15776047,Nicholls,West,Female,29
2886,15716024,Dennis,Central,Male,42
2887,15675328,Knight,West,Female,37
2888,15604314,Webb,East,Female,26
2889,15658339,Pugliesi,East,Male,37
2890,15630402,Nebechukwu,West,Female,31
2891,15689616,Ward,Central,Male,34
2892,15774224,Nixon,East,Female,30
2893,15701291,Chidubem,West,Male,44
2894,15719606,Rivers,West,Male,50
2895,15644119,Sochima,West,Male,31
2896,15646859,Heydon,East,Male,47
2897,15606836,Lombardo,West,Female,33
2898,15664150,Holland,East,Female,29
2899,15624510,Tien,West,Male,52
2900,15810944,Bryant,West,Female,35
2901,15668575,Hao,Central,Female,26
2902,15603246,Genovesi,West,Male,73
2903,15804002,Kovalev,West,Female,33
2904,15728773,Hsieh,West,Female,47
2905,15598044,Debellis,West,Female,35
2906,15694829,Chibueze,East,Male,32
2907,15600575,Padovano,Central,Male,41
2908,15727311,Yen,West,Female,22
2909,15570769,Kibble,West,Male,69
2910,15606274,Lori,East,Male,38
2911,15746139,Enemuo,West,Male,33
2912,15704987,Lu,West,Female,52
2913,15628972,Nebeolisa,East,Male,32
2914,15697686,Stewart,West,Female,40
2915,15733883,Ward,West,Male,28
2916,15617482,Milanesi,East,Female,52
2917,15704583,Chikwado,West,Male,56
2918,15621083,Douglas,West,Male,57
2919,15649487,Sal,East,Female,38
2920,15736760,Douglas,Central,Female,42
2921,15714658,Yates,West,Female,33
2922,15599081,Watt,East,Female,46
2923,15705113,P'an,Central,Male,34
2924,15631159,H?,East,Male,41
2925,15792818,Perry,East,Female,29
2926,15633531,Lavrov,West,Female,76
2927,15744529,Chiekwugo,West,Male,63
2928,15669656,Macdonald,West,Male,32
2929,15581198,Jenkins,East,Female,39
2930,15729054,Korovina,East,Male,32
2931,15573452,Manning,East,Male,42
2932,15776733,Wilson,East,Female,37
2933,15724858,Begum,West,Female,54
2934,15713144,Ingrassia,Central,Male,46
2935,15690188,Maclean,West,Male,33
2936,15689425,Olejuru,Central,Male,35
2937,15671766,Enyinnaya,West,Male,44
2938,15782806,Watson,Central,Male,28
2939,15764419,Langdon,West,Male,27
2940,15591915,Frolov,West,Female,39
2941,15772798,Chikezie,Central,Female,28
2942,15792008,Zetticci,Central,Female,26
2943,15715541,Yang,West,Female,42
2944,15639277,Lin,West,Female,41
2945,15798850,Goddard,West,Male,32
2946,15776348,Rogers,East,Male,20
2947,15727696,Zubareva,West,Male,42
2948,15793813,Onochie,West,Male,36
2949,15694395,Ts'ui,West,Female,29
2950,15764195,Newsom,Central,Male,39
2951,15744919,Genovese,Central,Female,37
2952,15671655,Thorpe,East,Male,31
2953,15654901,Horton,West,Male,51
2954,15649136,Williamson,West,Female,43
2955,15775562,Shoobridge,West,Female,33
2956,15807481,Peng,West,Female,46
2957,15642885,Gray,West,Male,30
2958,15789109,Watson,West,Female,41
2959,15814004,Fyodorova,West,Male,29
2960,15673619,Bazhenov,West,Male,25
2961,15595135,Solomon,East,Female,29
2962,15583681,Layh,Central,Male,31
2963,15605000,John,West,Male,38
2964,15718071,Tuan,West,Female,51
2965,15679760,Slattery,West,Male,46
2966,15654574,Onyekachi,East,Male,36
2967,15577178,Genovese,West,Male,45
2968,15595324,Daniels,East,Female,39
2969,15756932,Caldwell,Central,Female,36
2970,15726358,Chiemenam,West,Male,34
2971,15595228,Wanliss,West,Male,45
2972,15782530,Bruce,Central,Male,30
2973,15592877,Wright,Central,Male,42
2974,15651983,Fang,West,Female,56
2975,15746737,Eames,East,Male,59
2976,15774179,Sutherland,West,Male,37
2977,15667265,Cavenagh,West,Male,39
2978,15655123,Dumetolisa,Central,Female,45
2979,15595917,Mackay,West,Female,35
2980,15668385,Dellucci,West,Male,40
2981,15709476,Kenyon,Central,Female,41
2982,15711218,Parry,East,Male,39
2983,15798659,Kennedy,Central,Female,43
2984,15663939,Arnott,East,Male,35
2985,15694946,Hanson,West,Male,35
2986,15631912,T'ao,West,Male,30
2987,15768816,Shen,East,Male,42
2988,15682268,Steere,East,Female,26
2989,15684801,Abbott,West,Male,47
2990,15636428,Sutherland,Central,Female,45
2991,15809823,Thurgood,East,Male,19
2992,15699284,Johnson,West,Male,49
2993,15786993,Lung,West,Female,51
2994,15709441,Cocci,Central,Female,59
2995,15710257,Matveyeva,West,Female,39
2996,15582492,Moore,West,Female,29
2997,15575694,Yobachukwu,Central,Female,45
2998,15756820,Fleming,West,Female,26
2999,15766289,Dickinson,West,Male,47
3000,15593014,Evseyev,West,Male,33
3001,15584545,Aksenov,West,Female,40
3002,15675949,Fleming,Central,Female,43
3003,15672091,Ulyanov,East,Female,32
3004,15801658,Summers,West,Male,55
3005,15706185,Clements,East,Male,47
3006,15789863,Kazakova,West,Male,39
3007,15720943,Pirozzi,West,Female,45
3008,15697997,Jamieson,West,Male,33
3009,15665416,Ferri,West,Male,62
3010,15660200,Mai,West,Male,31
3011,15619653,Hannaford,West,Male,47
3012,15773447,Fomin,Central,Male,30
3013,15739160,Mahon,West,Female,41
3014,15689237,Shaw,West,Female,27
3015,15679297,Volkova,Central,Male,43
3016,15591433,Miles,East,Male,43
3017,15642725,Madison,West,Male,32
3018,15701962,Scott,Central,Female,29
3019,15811613,Voss,West,Female,27
3020,15741049,Colebatch,West,Male,29
3021,15724423,Wilson,West,Female,38
3022,15574305,T'ang,West,Male,36
3023,15678168,Gibson,Central,Female,27
3024,15697020,Hs?eh,West,Male,39
3025,15610801,Pan,East,Male,41
3026,15745232,Chikelu,West,Female,39
3027,15722758,Allan,West,Male,40
3028,15792102,Yefremova,West,Female,42
3029,15675185,Chuang,East,Female,48
3030,15801247,Fan,Central,Male,39
3031,15725660,Dellucci,West,Male,20
3032,15638963,Garran,West,Female,22
3033,15800061,Moretti,Central,Female,45
3034,15578006,Yao,West,Female,85
3035,15668504,Lucchesi,West,Male,36
3036,15687491,Nkemdilim,East,Male,45
3037,15610403,Anderson,West,Male,43
3038,15741094,Sagese,West,Male,21
3039,15807909,Rubensohn,West,Male,47
3040,15666141,Baldwin,Central,Female,26
3041,15617134,Iqbal,West,Male,38
3042,15783029,Monaldo,West,Male,34
3043,15622833,Mahon,East,Female,29
3044,15746422,Muir,West,Female,38
3045,15750839,Burns,Central,Male,29
3046,15749130,Dyer,East,Male,27
3047,15779862,Lyons,East,Female,31
3048,15767871,H?,Central,Male,48
3049,15679651,Gardiner,Central,Female,37
3050,15576219,Cameron,West,Male,32
3051,15699247,Chapman,West,Female,44
3052,15619087,Taylor,West,Male,53
3053,15605327,Namatjira,West,Male,35
3054,15610140,He,West,Female,34
3055,15791174,Leibius,Central,Male,67
3056,15602373,White,West,Male,44
3057,15762605,Wall,West,Male,58
3058,15598840,Moretti,West,Male,33
3059,15744279,Patterson,Central,Female,58
3060,15670619,Coppin,West,Female,33
3061,15599533,Tsao,West,Female,43
3062,15757837,Kao,East,Male,33
3063,15697574,Stewart,West,Female,40
3064,15578738,Tuan,West,Male,32
3065,15762228,Barnes,Central,Male,35
3066,15614827,Sun,West,Male,42
3067,15789815,Fallaci,West,Female,28
3068,15579781,Buccho,East,Male,31
3069,15587013,Tien,West,Female,31
3070,15570932,Pirozzi,West,Male,43
3071,15794661,Liu,Central,Male,32
3072,15581654,Long,West,Male,32
3073,15644296,Scott,West,Female,30
3074,15614420,Gerasimova,East,Female,32
3075,15609653,Ifeatu,East,Female,44
3076,15594577,De Luca,West,Male,35
3077,15584114,Ogbonnaya,East,Female,43
3078,15673367,Humffray,East,Male,33
3079,15685576,Degtyaryov,Central,Female,36
3080,15774727,Monaldo,East,Female,34
3081,15694288,Cawthorne,Central,Male,28
3082,15603319,Graham,West,Male,29
3083,15759066,Carpenter,West,Female,44
3084,15814816,Kambinachi,West,Male,40
3085,15724402,Tyler,West,Female,30
3086,15571059,Martin,West,Female,54
3087,15674206,Walker,West,Female,22
3088,15715160,Khan,West,Male,36
3089,15730448,Iroawuchi,East,Male,25
3090,15662067,Summers,West,Male,40
3091,15779581,Bottrill,Central,Female,43
3092,15662901,Hu,West,Male,37
3093,15689751,Jones,West,Female,31
3094,15667742,Vincent,Central,Male,41
3095,15738448,Sanford,East,Female,25
3096,15680243,Brown,West,Male,19
3097,15745083,Lei,East,Male,59
3098,15708228,Toscani,East,Male,30
3099,15628523,Chien,West,Female,24
3100,15708196,Uchenna,Central,Male,60
3101,15735549,Lori,East,Male,35
3102,15809347,Fanucci,East,Male,32
3103,15660866,Chimaobim,West,Female,29
3104,15766609,Jowers,West,Female,47
3105,15654230,Miller,East,Male,31
3106,15794566,Kirsova,West,Female,28
3107,15800890,T'ien,West,Female,45
3108,15697424,Ku,Central,Female,30
3109,15724536,Chin,Central,Female,28
3110,15735878,Law,East,Female,47
3111,15707596,Chung,East,Female,74
3112,15657163,Cockrum,East,Male,42
3113,15622478,Greaves,West,Female,40
3114,15779529,Grant,West,Male,32
3115,15636023,O'Donnell,West,Female,40
3116,15582066,Maclean,West,Male,21
3117,15666675,Hsieh,West,Female,39
3118,15732987,Hs?,Central,Male,43
3119,15789432,Mazzanti,West,Male,33
3120,15663161,Chiu,East,Female,51
3121,15694879,Reeves,Central,Female,23
3122,15593715,Castiglione,East,Male,27
3123,15575002,Ferguson,West,Male,29
3124,15622171,Nnamdi,West,Male,30
3125,15795224,Wu,West,Male,39
3126,15685346,Chu,Central,Female,26
3127,15691808,King,West,Male,43
3128,15721007,Charlton,East,Male,33
3129,15794253,Marsh,Central,Female,34
3130,15694453,Walker,East,Male,37
3131,15813113,Chang,Central,Female,56
3132,15614187,Pottinger,East,Female,39
3133,15619407,Buckley,West,Male,39
3134,15646227,Folliero,West,Female,27
3135,15660541,Olisanugo,West,Male,34
3136,15753874,Kent,West,Male,37
3137,15617877,Jessop,West,Male,44
3138,15772073,Hodge,West,Male,48
3139,15701537,Ignatiev,West,Male,60
3140,15736228,Chambers,West,Female,40
3141,15780572,Mansom,Central,Male,30
3142,15769596,Yen,East,Female,24
3143,15586996,Azikiwe,West,Female,76
3144,15722061,Allen,East,Female,41
3145,15638003,Komarova,Central,Male,55
3146,15775590,Mackay,East,Female,48
3147,15730688,Yu,West,Female,28
3148,15753102,Curtis,Central,Male,44
3149,15810075,Fang,West,Female,39
3150,15723373,Page,Central,Female,34
3151,15795298,Olisaemeka,East,Female,35
3152,15584320,Brennan,West,Female,39
3153,15724161,Sutton,West,Female,40
3154,15750056,Hyde,West,Female,29
3155,15609637,Nkemakolam,West,Male,51
3156,15794493,Chimaijem,Central,Male,32
3157,15569641,Sung,East,Female,41
3158,15815236,Chiganu,Central,Male,34
3159,15811177,Beneventi,West,Female,31
3160,15680587,Esposito,West,Male,23
3161,15672821,Owen,West,Male,28
3162,15767681,Smalley,Central,Male,34
3163,15600379,Hsiung,Central,Male,34
3164,15801336,Ch'ang,East,Female,37
3165,15721592,Barton,West,Female,38
3166,15581282,Lucchese,West,Female,39
3167,15746203,Hsia,East,Male,62
3168,15583137,Pope,West,Female,48
3169,15680752,Horrocks,West,Female,49
3170,15688172,Tai,Central,Male,40
3171,15791373,Chikezie,East,Female,35
3172,15589449,Frye,West,Female,56
3173,15692819,Toscani,East,Male,32
3174,15727467,Mellor,West,Female,27
3175,15734312,Kang,Central,Male,43
3176,15764604,Sutherland,West,Female,35
3177,15613014,Hs?,East,Male,29
3178,15759684,Ting,West,Female,27
3179,15609669,Chuang,West,Female,39
3180,15685536,Chu,West,Female,34
3181,15750447,Ozoemena,West,Female,60
3182,15663249,Howells,Central,Female,37
3183,15638646,Lucchese,West,Female,43
3184,15734161,Nnonso,West,Male,43
3185,15631070,Gerasimova,East,Male,55
3186,15761950,Woronoff,East,Female,45
3187,15649668,Wilhelm,East,Female,36
3188,15713912,Nebechukwu,Central,Female,45
3189,15586757,Anenechukwu,West,Female,32
3190,15596522,Meredith,West,Female,42
3191,15625395,Chinomso,West,Female,28
3192,15760570,Stephenson,West,Male,32
3193,15566689,Chimaoke,Central,Male,66
3194,15725794,Winters,West,Female,49
3195,15673539,Napolitani,West,Female,26
3196,15705298,L?,East,Male,29
3197,15675791,Williams,West,Male,36
3198,15747043,Giles,Central,Male,36
3199,15736397,Wang,West,Male,23
3200,15678201,Robertson,West,Female,46
3201,15720745,Murray,Central,Male,24
3202,15637593,Greco,West,Male,20
3203,15598070,Marchesi,West,Female,33
3204,15787550,Chao,West,Male,69
3205,15603942,Hawthorn,East,Male,50
3206,15733973,Bibi,West,Female,42
3207,15596761,Hawdon,East,Male,60
3208,15652400,Moss,Central,Male,56
3209,15717893,Briggs,East,Male,36
3210,15622585,McIntyre,West,Male,26
3211,15733964,Russo,Central,Female,53
3212,15753861,Ballard,East,Female,27
3213,15747097,Hs?,West,Male,35
3214,15594762,Pisani,Central,Male,46
3215,15667417,Tao,West,Male,33
3216,15684861,Thomson,West,Female,32
3217,15742204,Hsu,East,Male,31
3218,15623502,Morrison,Central,Female,56
3219,15774872,Joslin,West,Male,36
3220,15611191,Scott,East,Female,37
3221,15674331,Bidwill,East,Male,30
3222,15619465,Cameron,Central,Female,24
3223,15575247,Cartwright,West,Male,30
3224,15695679,Yao,Central,Male,39
3225,15713463,Tate,East,Female,41
3226,15785170,Neal,East,Female,32
3227,15796351,Yao,East,Male,35
3228,15639576,Burns,West,Male,26
3229,15693264,Onyinyechukwuka,West,Female,29
3230,15589715,Fulks,West,Female,66
3231,15769902,Christie,West,Female,33
3232,15587177,Lloyd,West,Male,36
3233,15814553,Ball,West,Female,34
3234,15601550,Genovesi,Central,Male,36
3235,15664907,Alexander,West,Male,47
3236,15612465,Siciliano,Central,Male,34
3237,15810800,Ositadimma,Central,Female,32
3238,15665760,Kazantsev,Central,Male,38
3239,15588080,Giles,West,Male,54
3240,15776844,Hao,Central,Female,19
3241,15717560,Martin,West,Male,50
3242,15629739,Hartley,East,Female,31
3243,15729908,Allan,West,Female,36
3244,15716781,Dolgorukova,West,Male,24
3245,15646936,Nnamdi,East,Female,32
3246,15768151,Romano,East,Female,45
3247,15579212,Chuang,West,Male,57
3248,15721835,Owen,Central,Male,25
3249,15800515,Singh,West,Male,35
3250,15591279,Nwagugheuzo,West,Male,37
3251,15587419,Shipton,West,Male,58
3252,15750335,Paterson,East,Male,43
3253,15699619,Rivas,West,Male,31
3254,15606472,Lung,West,Female,38
3255,15778368,Allan,East,Male,50
3256,15671387,Fetherstonhaugh,West,Female,29
3257,15573926,Lung,Central,Male,38
3258,15709183,Davidson,West,Female,58
3259,15577514,Mai,East,Female,36
3260,15778830,Dellucci,West,Male,31
3261,15768072,Mitchell,Central,Female,33
3262,15768293,Sun,West,Male,51
3263,15654456,Napolitano,East,Male,48
3264,15807525,Bailey,West,Male,43
3265,15574372,Hoolan,West,Male,35
3266,15671249,Kent,West,Female,33
3267,15779744,Chou,Central,Male,30
3268,15624755,Pepper,East,Female,40
3269,15611430,Abramowitz,West,Male,54
3270,15774744,Lord,East,Male,33
3271,15629885,Wilson,West,Female,33
3272,15708791,Abazu,Central,Male,32
3273,15793890,Harriman,West,Female,59
3274,15646091,Frankland,Central,Female,43
3275,15596984,Pinto,West,Female,31
3276,15800215,Kwemtochukwu,West,Male,25
3277,15577806,Chiu,East,Female,54
3278,15749381,Yu,West,Female,41
3279,15683758,Onyekachukwu,West,Male,44
3280,15670615,Castiglione,Central,Male,37
3281,15715622,To Rot,West,Female,57
3282,15707634,Anenechukwu,West,Female,32
3283,15806901,Henderson,West,Female,39
3284,15775335,Ellis,East,Female,48
3285,15724150,Nkemdirim,West,Male,48
3286,15627220,Kang,East,Female,43
3287,15672330,Lear,West,Female,31
3288,15668521,Jamieson,West,Male,37
3289,15807837,Mazzanti,West,Female,30
3290,15592570,Marino,Central,Female,23
3291,15748589,Winter,West,Female,30
3292,15635893,T'ien,West,Female,28
3293,15757632,Hughes-Jones,West,Female,41
3294,15691863,Cody,West,Female,39
3295,15706071,Hunt,East,Male,39
3296,15654296,Estrada,Central,Female,19
3297,15755018,Dickinson,East,Female,26
3298,15594041,Fanucci,Central,Female,41
3299,15670587,Yang,East,Male,25
3300,15724527,Forbes,West,Male,34
3301,15801904,Heard,East,Male,28
3302,15658195,Efremova,West,Male,34
3303,15630113,Morphett,Central,Male,35
3304,15784320,Lenhardt,West,Female,44
3305,15676513,Burns,East,Male,35
3306,15574072,Ch'ien,West,Female,62
3307,15633854,Sun,West,Female,40
3308,15618566,Jamieson,West,Female,38
3309,15733014,Nolan,West,Female,62
3310,15753343,Barry,West,Female,28
3311,15746076,Saunders,Central,Male,50
3312,15608226,McMorran,Central,Male,72
3313,15605684,Phelan,West,Female,31
3314,15638988,Fu,West,Male,54
3315,15628767,Hotchin,Central,Female,63
3316,15737977,Aksyonov,West,Female,25
3317,15758116,Rossi,West,Male,53
3318,15575119,Hughes,West,Male,71
3319,15625126,Duncan,West,Female,40
3320,15567114,McGarry,West,Male,35
3321,15672242,Aksenov,West,Male,24
3322,15681327,Akhtar,West,Male,30
3323,15802585,Pisani,West,Female,41
3324,15740630,Pisano,Central,Female,31
3325,15815420,McDaniels,Central,Male,47
3326,15711468,Tennant,West,Female,32
3327,15799626,Donaghy,East,Male,50
3328,15659325,Todd,Central,Male,40
3329,15651352,Tobenna,West,Female,38
3330,15684925,Vicars,West,Female,43
3331,15657439,Chao,West,Male,18
3332,15574122,Tien,West,Male,34
3333,15720508,Hsing,West,Male,31
3334,15599078,Yang,East,Female,41
3335,15702300,Walker,West,Male,27
3336,15660735,T'ang,Central,Female,31
3337,15671390,Chukwukere,Central,Male,36
3338,15647385,Ch'iu,Central,Male,56
3339,15739223,Pai,Central,Female,24
3340,15631305,Franklin,Central,Female,28
3341,15809263,Y?,East,Male,29
3342,15640866,Peng,West,Female,29
3343,15775663,Otitodilichukwu,East,Male,53
3344,15631800,Pagnotto,West,Male,37
3345,15654292,Vessels,East,Male,33
3346,15648320,Heller,West,Female,31
3347,15726747,Donaldson,West,Male,63
3348,15694510,Ifeanyichukwu,West,Male,45
3349,15572291,Kao,West,Male,40
3350,15603465,Dunn,East,Female,45
3351,15685628,Calabresi,Central,Male,35
3352,15792729,Holland,East,Female,34
3353,15767414,Calabresi,West,Male,40
3354,15568044,Butusov,West,Female,31
3355,15751333,Atkinson,West,Female,36
3356,15623062,Vasilyeva,East,Male,24
3357,15713621,Mollison,East,Male,41
3358,15670668,Webb,East,Male,29
3359,15750638,Obiajulu,East,Female,33
3360,15747878,Aiken,Central,Male,60
3361,15726796,Brabyn,West,Male,38
3362,15754952,Su,East,Female,48
3363,15652192,Traeger,West,Female,33
3364,15681924,Ekwueme,East,Male,38
3365,15763544,Thompson,West,Male,47
3366,15764431,Chinwenma,Central,Female,34
3367,15684010,Tuan,East,Female,74
3368,15648881,Tsai,East,Male,40
3369,15733303,Liu,West,Male,67
3370,15643294,Robinson,West,Female,33
3371,15749905,Carr,Central,Female,47
3372,15625175,Palerma,East,Female,43
3373,15643967,Chineze,West,Female,37
3374,15578251,Fang,West,Male,37
3375,15772573,Simpson,Central,Male,55
3376,15733234,Moretti,West,Female,58
3377,15721582,Hale,East,Female,40
3378,15628219,Benson,East,Female,37
3379,15571302,Estep,East,Male,72
3380,15637178,Mishina,Central,Female,45
3381,15601184,Abramovich,Central,Female,26
3382,15629511,Lavrentiev,West,Male,49
3383,15570629,Alexeyeva,East,Female,72
3384,15665766,T'ang,East,Male,39
3385,15693732,Kilgour,West,Female,66
3386,15765982,Chin,West,Male,41
3387,15582016,Fiorentini,Central,Male,41
3388,15798024,Lori,East,Male,84
3389,15588622,Marchesi,East,Male,25
3390,15724863,Sheppard,Central,Female,55
3391,15618213,Nnanna,West,Female,32
3392,15780411,Norris,West,Female,46
3393,15725429,Vincent,East,Male,33
3394,15600626,Bradley,West,Male,30
3395,15668460,Bellucci,West,Male,29
3396,15576263,Clements,West,Female,22
3397,15720354,Knowles,West,Male,71
3398,15691624,Chidiebere,West,Male,33
3399,15793196,Kelly,West,Male,41
3400,15633352,Okwukwe,West,Female,31
3401,15750874,Onyemere,West,Male,31
3402,15588923,Murphy,West,Female,33
3403,15715745,Elliott,West,Female,26
3404,15611800,Loggia,West,Female,62
3405,15576928,Walsh,West,Female,23
3406,15793693,Mahomed,West,Male,60
3407,15581252,Dolgorukova,Central,Female,29
3408,15797760,Bogdanov,West,Male,40
3409,15790564,She,East,Female,40
3410,15593736,Cook,East,Female,46
3411,15595937,Bruno,East,Male,36
3412,15815628,Moysey,West,Female,37
3413,15782802,Beneventi,East,Male,26
3414,15627412,Ferri,West,Male,39
3415,15734609,Skinner,West,Female,37
3416,15710689,Angel,Central,Male,40
3417,15565806,Toosey,West,Male,38
3418,15815530,Chin,West,Female,42
3419,15632272,Lung,West,Female,42
3420,15684103,Mellor,West,Female,26
3421,15654519,Hassall,West,Male,31
3422,15767722,Richardson,West,Female,39
3423,15654346,Poninski,East,Male,35
3424,15660147,Dore,Central,Male,32
3425,15814998,Bonham,Central,Male,42
3426,15802207,Ibezimako,East,Male,43
3427,15658668,Hunter,Central,Male,49
3428,15715079,Bold,West,Male,41
3429,15570360,Wan,West,Female,35
3430,15674678,Bradley,East,Female,43
3431,15780925,Tretyakova,West,Male,37
3432,15688193,Graham,West,Male,36
3433,15778219,Izmailov,West,Male,26
3434,15696514,Calabrese,East,Female,37
3435,15712303,Valentin,West,Male,66
3436,15719090,Osonduagwuike,East,Female,34
3437,15735632,Williamson,West,Male,41
3438,15619436,Pan,West,Female,32
3439,15722404,Carpenter,West,Female,30
3440,15662063,McIver,West,Male,36
3441,15745605,Trevisan,West,Female,47
3442,15636658,Rozhkova,West,Male,36
3443,15784130,He,East,Female,30
3444,15606755,Moretti,Central,Female,46
3445,15801699,Fishbourne,Central,Male,43
3446,15784097,Gibson,East,Male,28
3447,15764654,Zikoranachidimma,West,Male,37
3448,15612092,Palmer,East,Male,32
3449,15610903,Chukwueloka,Central,Female,31
3450,15705777,Real,East,Male,49
3451,15661936,Chikelu,West,Male,40
3452,15700864,Fiorentini,West,Female,21
3453,15722965,Yefimova,West,Male,57
3454,15737521,Ball,East,Male,40
3455,15814465,Ch'in,West,Male,24
3456,15580988,Odell,West,Male,29
3457,15789974,Enemuo,West,Male,33
3458,15713370,Hunter,Central,Male,36
3459,15748673,Nepean,West,Female,37
3460,15754919,Nwebube,West,Female,40
3461,15641662,Enticknap,East,Male,39
3462,15813422,Lu,Central,Male,35
3463,15713596,Ugochukwu,West,Female,62
3464,15791216,Mann,East,Male,43
3465,15689031,Murphy,Central,Female,37
3466,15763704,Docherty,East,Female,43
3467,15631339,Adams,West,Male,28
3468,15771509,Hirst,East,Female,42
3469,15769586,Horan,West,Female,49
3470,15656096,Cumbrae-Stewart,Central,Female,26
3471,15585280,Kinney,West,Female,36
3472,15743582,T'ang,West,Female,27
3473,15761692,Muir,West,Male,40
3474,15627840,Toscano,West,Female,42
3475,15778861,Wallace,Central,Male,33
3476,15770554,Fraser,West,Male,31
3477,15806956,Iqbal,Central,Male,30
3478,15701908,Nina,Central,Female,40
3479,15736990,Chuang,West,Male,28
3480,15743714,Ch'ien,West,Male,46
3481,15807993,Bruno,East,Female,30
3482,15644686,Kennedy,Central,Female,34
3483,15677377,Lawrence,Central,Male,37
3484,15626412,Mort,Central,Male,39
3485,15643679,Goliwe,East,Male,28
3486,15728456,Martinez,West,Male,33
3487,15630661,Vasilyev,Central,Female,25
3488,15734044,Black,West,Female,31
3489,15705001,Napolitani,Central,Female,35
3490,15809817,Ch'en,Central,Male,43
3491,15809137,Sagese,West,Male,29
3492,15751593,Fraser,East,Male,35
3493,15626491,Hughes,West,Female,45
3494,15765461,Giles,Central,Male,47
3495,15568120,Lacross,West,Female,37
3496,15787161,Pisani,East,Male,46
3497,15812324,King,West,Male,27
3498,15588944,Maughan,West,Female,63
3499,15694253,Palerma,West,Female,41
3500,15759566,Tochukwu,West,Male,74
3501,15675675,Slate,West,Female,32
3502,15802060,Ch'ang,East,Female,30
3503,15660505,Romani,East,Male,46
3504,15782630,Genovese,West,Male,35
3505,15700710,Chiebuka,West,Female,37
3506,15742834,Liao,West,Male,45
3507,15806511,Berry,Central,Male,45
3508,15608166,Fallaci,West,Male,36
3509,15614230,T'an,West,Female,34
3510,15729958,Wilkinson,West,Male,37
3511,15800814,Palerma,West,Male,35
3512,15674727,Lazarev,West,Female,42
3513,15657779,Boylan,Central,Male,18
3514,15801395,Warren,West,Female,33
3515,15757911,Trevisani,Central,Female,32
3516,15665340,Trevisano,Central,Female,37
3517,15787151,Liao,West,Female,34
3518,15757821,Burgess,Central,Male,18
3519,15600688,Liston,West,Female,39
3520,15594878,Thompson,Central,Female,41
3521,15569248,Milanesi,West,Female,43
3522,15812706,Mazure,Central,Male,49
3523,15645045,Rudduck,West,Female,38
3524,15766746,Darwin,West,Male,35
3525,15700383,Uvarova,West,Female,35
3526,15632551,Buccho,East,Male,31
3527,15795129,Gallo,West,Female,30
3528,15650545,Tomlinson,West,Male,69
3529,15612769,Carr,West,Male,28
3530,15710853,Ts'ui,West,Female,24
3531,15623712,Coates,Central,Female,42
3532,15653251,Hickey,West,Female,84
3533,15755077,Norton,East,Female,37
3534,15808557,Mancini,West,Female,42
3535,15614687,Tien,East,Female,44
3536,15626882,Stobie,Central,Male,37
3537,15748034,Drakeford,West,Male,29
3538,15632324,Pisani,West,Male,59
3539,15761023,Murphy,East,Female,43
3540,15761453,Kovalev,West,Male,42
3541,15646726,Crawford,West,Male,43
3542,15637169,Maclean,Central,Female,67
3543,15636024,Blackburn,Central,Female,34
3544,15801218,Bermudez,West,Male,49
3545,15642655,Savage,Central,Male,33
3546,15690130,Wyatt,West,Female,32
3547,15653753,Chiemenam,Central,Male,43
3548,15641359,Shao,Central,Female,35
3549,15776827,Langdon,East,Male,37
3550,15647725,Napolitano,West,Female,61
3551,15648455,Kung,East,Male,51
3552,15580629,Blackwood,West,Male,31
3553,15730161,Marcelo,West,Female,39
3554,15626612,Yin,Central,Male,40
3555,15662865,Storey,Central,Male,36
3556,15629094,Fomin,West,Female,36
3557,15651823,Nkemjika,West,Female,60
3558,15594827,Glasgow,West,Male,34
3559,15786392,Chen,West,Male,41
3560,15727353,Ch'ang,West,Female,64
3561,15733777,Evans,West,Male,44
3562,15614302,Crotty,East,Female,31
3563,15723263,Cocci,East,Female,34
3564,15687270,Iroawuchi,Central,Female,61
3565,15803121,Chia,West,Male,51
3566,15598700,Hysell,Central,Female,30
3567,15741875,Williamson,Central,Female,25
3568,15631709,Ginikanwa,Central,Female,31
3569,15672970,Chigolum,Central,Male,20
3570,15761670,Morley,West,Female,50
3571,15706005,Roberts,West,Male,46
3572,15790336,Tokareva,East,Male,36
3573,15754267,Fleming,East,Male,31
3574,15791988,Chinomso,West,Male,68
3575,15683375,Compton,West,Female,32
3576,15625151,Wan,West,Female,66
3577,15635285,Taylor,West,Male,28
3578,15574296,Kambinachi,West,Male,23
3579,15711618,Chang,East,Female,39
3580,15670943,See,East,Male,31
3581,15634359,Dyer,East,Female,41
3582,15586629,Campbell,West,Male,33
3583,15588461,Cremonesi,West,Male,35
3584,15773221,Harris,Central,Male,43
3585,15664227,Threatt,East,Male,28
3586,15741745,Lane,West,Male,28
3587,15652626,Grave,West,Male,55
3588,15599410,Stanley,West,Male,41
3589,15571958,McIntosh,Central,Male,40
3590,15785406,Watts,West,Female,51
3591,15687884,Alekseyeva,West,Male,37
3592,15621685,Davies,West,Male,29
3593,15628886,Matlock,Central,Male,56
3594,15699325,Fedorova,East,Female,62
3595,15578369,Chiedozie,East,Female,37
3596,15654156,Marcelo,East,Female,32
3597,15707199,Cooper,West,Male,36
3598,15671630,McMillan,East,Female,40
3599,15632079,Hardy,East,Female,37
3600,15767921,Madukwe,West,Male,41
3601,15573599,Adamson,West,Female,57
3602,15747208,Watt,West,Male,50
3603,15582762,Mazzanti,Central,Male,77
3604,15772528,Mishin,West,Female,47
3605,15755798,Feng,West,Male,33
3606,15788683,Kang,East,Female,34
3607,15616922,Kelly,West,Female,26
3608,15771855,Yu,West,Male,37
3609,15601873,Bull,West,Female,36
3610,15657868,Serra,East,Male,40
3611,15711716,Ferguson,West,Female,56
3612,15734246,She,West,Female,21
3613,15792151,Hamilton,Central,Female,37
3614,15770159,Nnanna,East,Male,25
3615,15747649,Summerville,East,Female,36
3616,15639357,Allan,West,Male,46
3617,15738907,Tobenna,West,Female,60
3618,15663446,Volkova,East,Female,29
3619,15750867,Nucci,East,Female,46
3620,15715939,Wright,West,Male,33
3621,15763806,Astorga,West,Male,41
3622,15637993,Pokrovsky,West,Male,36
3623,15720338,Mazzanti,Central,Male,55
3624,15627162,Blesing,East,Male,27
3625,15596710,Ku,West,Female,33
3626,15781678,Pisani,Central,Male,31
3627,15634968,Hsueh,East,Female,37
3628,15609475,Ricci,Central,Female,39
3629,15573319,Azubuike,East,Female,35
3630,15738291,Nevzorova,West,Female,48
3631,15782456,Odili,West,Male,46
3632,15794841,Kung,Central,Male,19
3633,15684696,Lei,Central,Female,26
3634,15629846,Sheehan,East,Female,47
3635,15674442,Kung,West,Male,23
3636,15571689,Kelechi,West,Female,37
3637,15730469,Anenechi,Central,Male,31
3638,15809320,McElhone,Central,Female,52
3639,15684367,Chigbogu,Central,Male,27
3640,15793049,Atkins,East,Female,48
3641,15603665,Colombo,East,Female,39
3642,15613623,Tilley,Central,Male,62
3643,15569572,Sopuluchi,West,Male,42
3644,15698791,Udinesi,West,Male,45
3645,15626233,Onyekachi,West,Female,32
3646,15607263,McCartney,West,Male,55
3647,15610900,Thompson,West,Female,70
3648,15624775,Onyeoruru,West,Male,67
3649,15691703,Shih,West,Male,47
3650,15745355,Golibe,West,Male,41
3651,15724955,Lucchesi,West,Male,38
3652,15628999,Townsend,West,Male,79
3653,15654341,Chao,West,Male,34
3654,15744240,Shen,East,Female,46
3655,15632365,Booth,East,Male,33
3656,15729689,Chan,East,Male,35
3657,15759284,Yeh,West,Female,37
3658,15602124,Badgery,West,Male,30
3659,15661903,Hsia,West,Female,43
3660,15664668,Zarate,West,Female,42
3661,15736431,Congreve,Central,Male,27
3662,15748639,Hayslett,East,Male,35
3663,15628123,Robinson,West,Female,28
3664,15602731,Wong,West,Male,31
3665,15794137,Nevzorova,East,Female,37
3666,15748696,Page,West,Male,42
3667,15725068,Quinn,Central,Female,21
3668,15807340,O'Donnell,East,Male,33
3669,15586133,Pisano,East,Female,44
3670,15576185,Sinclair,West,Male,29
3671,15660809,Loving,West,Male,28
3672,15616666,Artemova,East,Female,52
3673,15706904,Robertson,West,Male,43
3674,15606915,Genovese,West,Male,24
3675,15749693,Ugonnatubelum,West,Female,32
3676,15791743,Corbett,West,Male,32
3677,15796480,Reilly,West,Female,31
3678,15790442,Wright,Central,Male,33
3679,15609458,Vincent,West,Male,30
3680,15593897,Carr,Central,Male,25
3681,15604576,Eiland,Central,Male,22
3682,15666270,Omeokachie,West,Female,40
3683,15572626,Mackenzie,Central,Male,44
3684,15727197,Pinto,West,Female,52
3685,15714006,Gardener,West,Female,35
3686,15642137,Fang,Central,Female,39
3687,15665327,Cattaneo,West,Male,18
3688,15626806,Labrador,West,Female,32
3689,15662578,Dettmann,East,Male,35
3690,15790829,Gibson,West,Female,45
3691,15654959,Hope,Central,Male,67
3692,15760244,Ives,West,Female,76
3693,15715394,Greece,Central,Male,35
3694,15722246,Omeokachie,West,Female,60
3695,15609704,Mao,West,Female,33
3696,15757628,Savage,West,Male,40
3697,15633586,Brierly,West,Female,39
3698,15565796,Docherty,East,Male,48
3699,15717935,McDonald,West,Female,21
3700,15577700,Rapuokwu,West,Male,37
3701,15747345,Bergamaschi,West,Female,22
3702,15678317,Manfrin,West,Male,46
3703,15698335,Bergamaschi,West,Female,73
3704,15768451,MacDonald,East,Male,40
3705,15753213,Lees,West,Female,34
3706,15769645,Senior,West,Female,35
3707,15657565,Nwokezuike,Central,Female,44
3708,15620323,Ekwueme,Central,Female,42
3709,15679983,Garmon,West,Male,34
3710,15812616,Enyinnaya,West,Female,49
3711,15601796,Chizuoke,West,Male,30
3712,15729489,Hyde,East,Female,34
3713,15613216,Cameron,Central,Female,39
3714,15657937,Lord,East,Male,22
3715,15815428,Biryukova,West,Male,34
3716,15640409,Carpenter,East,Female,46
3717,15699492,Lorenzo,East,Female,27
3718,15623536,Madukwe,East,Male,39
3719,15707551,Hutcheon,West,Male,30
3720,15577999,Sleeman,West,Female,62
3721,15788775,Milne,East,Male,40
3722,15758362,Williamson,West,Female,41
3723,15807961,Bruno,West,Male,25
3724,15710978,Palerma,East,Male,42
3725,15703541,Wang,East,Female,51
3726,15626474,Onyemere,West,Female,31
3727,15608344,Dawson,East,Female,29
3728,15768367,Nebechukwu,West,Female,27
3729,15806210,Bateman,Central,Male,66
3730,15697702,Lord,Central,Male,29
3731,15689152,Loggia,Central,Male,38
3732,15568573,Graham,East,Female,51
3733,15689598,Dean,West,Male,46
3734,15713374,Jarvis,East,Male,67
3735,15679733,Haugh,East,Male,40
3736,15759274,Micklem,West,Female,32
3737,15607748,Bennett,East,Male,37
3738,15607577,Roberts,Central,Male,27
3739,15813697,Onyekaozulu,East,Female,44
3740,15801125,Kegley,West,Female,32
3741,15777855,Manna,West,Male,45
3742,15635396,Thompson,East,Female,29
3743,15698031,Romano,East,Female,39
3744,15678944,Brown,East,Female,32
3745,15718507,Su,East,Male,37
3746,15808334,Mackay,East,Female,37
3747,15804709,Watt,East,Male,35
3748,15645835,Milani,West,Male,32
3749,15738166,Hsu,West,Female,39
3750,15675360,Valenzuela,West,Male,33
3751,15793042,Sung,West,Male,39
3752,15630106,Lo,Central,Male,29
3753,15810385,Giordano,Central,Female,36
3754,15578211,Connolly,West,Male,23
3755,15572792,Bellucci,Central,Male,35
3756,15620030,Jamieson,West,Male,29
3757,15783541,Fomina,West,Male,31
3758,15679284,Aksenov,Central,Female,45
3759,15582910,Turnbull,West,Male,38
3760,15688337,Dixon,West,Male,40
3761,15734970,White,Central,Male,38
3762,15759140,Long,West,Female,64
3763,15643042,Han,East,Female,40
3764,15773868,Belov,East,Female,37
3765,15615820,MacDonald,West,Male,49
3766,15730273,Parsons,West,Male,27
3767,15724890,Cross,Central,Male,36
3768,15765952,Milanesi,West,Male,29
3769,15685920,Lombardo,Central,Male,34
3770,15663263,Collins,West,Male,47
3771,15568953,Alexeieva,West,Male,27
3772,15643361,Cullen,East,Male,34
3773,15699486,Johnson,Central,Male,34
3774,15747854,Rudd,West,Female,35
3775,15691785,Findlay,West,Male,61
3776,15709004,Mai,East,Male,22
3777,15652218,Morrison,West,Male,33
3778,15697127,Monaldo,West,Female,31
3779,15658486,Gidney,Central,Female,59
3780,15694160,Sagese,West,Male,37
3781,15685290,Wall,East,Male,46
3782,15701042,Dalton,East,Female,27
3783,15680449,Hsing,East,Female,44
3784,15599860,Warner,Central,Female,26
3785,15723169,Williams,West,Female,31
3786,15803842,Dunn,East,Female,45
3787,15728224,Kerr,East,Female,41
3788,15644174,Marchesi,East,Male,27
3789,15707110,Endrizzi,East,Male,28
3790,15765415,King,Central,Female,45
3791,15756751,Griffiths,Central,Female,54
3792,15795151,Hartzler,West,Female,38
3793,15632859,Chukwudi,West,Male,36
3794,15584037,Denisov,East,Male,58
3795,15621409,Endrizzi,West,Male,32
3796,15581102,Baresi,West,Female,22
3797,15578096,Nnachetam,West,Male,26
3798,15669887,Lambert,West,Female,51
3799,15621834,Game,Central,Female,43
3800,15655341,Chinagorom,Central,Female,35
3801,15685314,Noble,West,Female,28
3802,15653997,Haynes,Central,Male,31
3803,15629551,Cattaneo,East,Female,44
3804,15651264,Yobanna,East,Male,51
3805,15760825,Fraser,West,Female,40
3806,15597394,Rhodes,Central,Male,34
3807,15740383,Jimenez,Central,Female,38
3808,15670562,Pharr,West,Male,30
3809,15698117,Jerger,East,Male,41
3810,15694805,McIntyre,Central,Male,35
3811,15746802,Onio,West,Female,30
3812,15589428,Tomlinson,West,Female,42
3813,15790267,Onuoha,West,Female,40
3814,15665402,Panicucci,Central,Male,73
3815,15642093,Piccio,West,Male,30
3816,15666181,Ramsden,West,Male,33
3817,15602554,Vorobyova,West,Female,31
3818,15724251,Todd,East,Female,29
3819,15740147,Cremonesi,West,Female,44
3820,15718289,Bradley,East,Male,46
3821,15763148,Stanley,West,Male,39
3822,15685245,Jowett,Central,Female,56
3823,15626985,Yefremova,West,Female,39
3824,15585823,Wilson,West,Male,31
3825,15728167,Abramovich,West,Male,44
3826,15762928,Venables,Central,Male,44
3827,15751774,Monnier,West,Male,76
3828,15654733,Hsieh,East,Male,57
3829,15809777,Gadsden,East,Female,55
3830,15744200,Ni,West,Female,36
3831,15720713,Chibueze,West,Female,29
3832,15695356,Chinwemma,West,Male,46
3833,15653315,Kang,Central,Female,35
3834,15604792,Kuo,East,Male,38
3835,15704819,Ositadimma,Central,Female,39
3836,15670859,Smith,East,Female,39
3837,15602797,Okwudilichukwu,Central,Female,49
3838,15662533,Porter,Central,Female,23
3839,15778154,Kung,East,Male,50
3840,15806230,Trevisano,East,Male,40
3841,15662884,Naylor,East,Male,58
3842,15750778,Ponomarev,West,Female,60
3843,15717185,Udinese,West,Male,28
3844,15677804,Aliyeva,Central,Male,38
3845,15568915,Bailey,West,Male,38
3846,15736495,Jackson,West,Male,34
3847,15737354,Yin,West,Female,48
3848,15667889,Akobundu,West,Female,37
3849,15577831,Byrne,East,Male,41
3850,15729836,Robinson,Central,Male,32
3851,15775293,Stephenson,West,Male,34
3852,15697597,Chiemenam,West,Male,26
3853,15639669,Forbes,West,Male,36
3854,15631392,Douglas,East,Male,43
3855,15580935,Okechukwu,East,Male,33
3856,15590344,Russell,East,Male,32
3857,15653306,Ermakova,East,Female,32
3858,15805025,Oster,West,Female,45
3859,15658449,Chizoba,West,Male,45
3860,15694450,Bianchi,West,Male,42
3861,15605666,Peyser,West,Female,34
3862,15615126,Cocci,West,Female,37
3863,15726588,Seleznev,Central,Female,36
3864,15645095,Huang,West,Female,28
3865,15808960,Alleyne,East,Male,40
3866,15729435,McKenzie,West,Male,40
3867,15656840,Zikoranachukwudimma,West,Female,29
3868,15659149,King,West,Male,39
3869,15585490,Nkemdilim,West,Female,34
3870,15674929,Anderson,West,Female,31
3871,15746341,Ejikemeifeuwa,West,Male,40
3872,15662091,Adams,Central,Male,21
3873,15620123,Christie,West,Male,39
3874,15616240,Yeh,Central,Male,37
3875,15624186,McGregor,East,Female,25
3876,15605036,Pisano,Central,Female,37
3877,15805151,Ginikanwa,East,Male,31
3878,15753847,Hawkins,Central,Male,45
3879,15653222,Otutodilichukwu,East,Female,32
3880,15757541,Rickard,West,Female,33
3881,15726945,Andreev,West,Female,72
3882,15794276,Steele,West,Female,64
3883,15568328,Black,West,Female,22
3884,15604355,Shand,West,Male,39
3885,15735788,Chiagoziem,West,Male,31
3886,15618255,Fedorov,East,Female,56
3887,15720941,Tien,East,Male,34
3888,15769110,Stehle,West,Female,46
3889,15576094,Sung,West,Male,71
3890,15756150,Alexander,West,Female,39
3891,15719579,McIntosh,East,Female,33
3892,15748854,Sung,East,Female,28
3893,15612455,Yao,East,Male,45
3894,15664802,Chinweuba,West,Female,42
3895,15735687,Chinweuba,Central,Male,37
3896,15664734,T'ao,East,Female,25
3897,15767894,Ch'ien,West,Female,21
3898,15666884,Su,East,Female,41
3899,15750156,Yu,East,Male,59
3900,15751120,Loyau,West,Female,36
3901,15575748,Conti,West,Male,36
3902,15714610,Alexeeva,Central,Male,30
3903,15720305,Power,Central,Female,40
3904,15678129,Hill,Central,Female,45
3905,15566633,Freeman,East,Male,55
3906,15680436,Hsing,West,Female,29
3907,15674343,Esposito,West,Male,44
3908,15658890,Belonwu,East,Male,46
3909,15599004,Tsao,Central,Male,37
3910,15726487,P'eng,West,Male,63
3911,15698716,Baker,West,Female,70
3912,15710527,Matthews,West,Female,35
3913,15655590,Garcia,Central,Male,46
3914,15732266,Field,East,Male,53
3915,15669326,Gordon,West,Male,44
3916,15672246,Jefferies,East,Male,43
3917,15620276,Palermo,Central,Male,36
3918,15640258,Chou,West,Female,50
3919,15740283,Ewing,West,Male,29
3920,15759717,Mazzi,Central,Female,39
3921,15620268,Thomson,East,Male,43
3922,15743871,Nkemdirim,West,Male,59
3923,15614491,Lockyer,West,Male,39
3924,15595047,Murray,West,Male,41
3925,15732334,Black,West,Female,40
3926,15701206,Torreggiani,Central,Male,44
3927,15581280,Atkinson,East,Male,29
3928,15651943,Richards,Central,Female,65
3929,15609545,Azubuike,West,Male,29
3930,15658548,Ignatiev,East,Female,36
3931,15626008,Miller,East,Female,52
3932,15774133,Cox,West,Female,35
3933,15763798,McMillan,West,Male,23
3934,15758013,Napolitano,West,Male,37
3935,15705765,Lane,Central,Female,46
3936,15648362,Kennedy,East,Male,45
3937,15761102,T'ao,Central,Female,32
3938,15610165,Hsiung,West,Female,26
3939,15723717,Heath,East,Male,41
3940,15654611,Parry,East,Female,25
3941,15659736,Herbert,East,Male,66
3942,15603170,Kang,West,Male,32
3943,15786167,Andreyeva,Central,Male,20
3944,15671915,Bowen,West,Male,46
3945,15794792,Golubev,West,Female,31
3946,15652789,Hancock,Central,Male,40
3947,15739168,Fowler,West,Female,31
3948,15719950,Sutherland,West,Male,61
3949,15743818,Rowley,Central,Male,58
3950,15717937,Gibbons,East,Male,43
3951,15602841,Lockett,Central,Female,28
3952,15619972,Akabueze,West,Female,47
3953,15796114,Phelps,West,Female,34
3954,15633546,Frederick,Central,Female,33
3955,15758755,Beneventi,West,Female,34
3956,15695168,Bruce,West,Male,39
3957,15754342,Green,East,Female,60
3958,15756610,Carlson,East,Female,38
3959,15640917,Tang,West,Male,43
3960,15663164,Yudin,East,Male,49
3961,15616811,MacDonald,West,Male,47
3962,15610781,Watt,West,Female,29
3963,15600911,Mbadiwe,West,Male,33
3964,15629603,Chuang,West,Male,31
3965,15714981,Sabbatini,West,Male,37
3966,15775892,Caldwell,Central,Female,23
3967,15782778,Ewers,West,Male,35
3968,15786643,Tsao,West,Male,32
3969,15595657,Hannam,East,Male,40
3970,15743673,Wood,Central,Male,27
3971,15634310,Ko,West,Male,30
3972,15790809,Lo Duca,Central,Male,40
3973,15668695,Endrizzi,West,Female,22
3974,15669281,Ch'iu,Central,Male,38
3975,15621031,Mofflin,Central,Male,27
3976,15720071,Fiorentini,West,Female,49
3977,15792180,Chiekwugo,East,Male,22
3978,15813894,Bogle,Central,Male,21
3979,15669490,Ifeanacho,East,Male,37
3980,15783030,Owens,West,Female,40
3981,15695792,Ch'ien,West,Male,65
3982,15575676,Chung,West,Male,24
3983,15627665,Sung,West,Male,46
3984,15814092,Wang,West,Female,44
3985,15695225,Sun,Central,Male,38
3986,15615091,Maitland,West,Male,24
3987,15794345,Ma,Central,Male,38
3988,15726484,Pollard,West,Male,37
3989,15650442,Hsieh,East,Female,32
3990,15714256,Gerasimov,West,Male,30
3991,15778752,Johnson,West,Male,32
3992,15601659,Fiorentino,East,Female,59
3993,15602811,Chioke,East,Male,38
3994,15779414,Rossi,Central,Male,40
3995,15763097,Siciliano,Central,Male,80
3996,15633666,Efremov,Central,Female,33
3997,15718789,Brigstocke,West,Male,30
3998,15690620,Olisaemeka,West,Male,39
3999,15737071,Tang,West,Female,60
4000,15665062,Lucchese,West,Male,19
4001,15600692,West,West,Male,38
4002,15792064,Pai,East,Male,53
4003,15811486,Tang,East,Female,29
4004,15626141,Fedorov,West,Female,26
4005,15738546,Gboliwe,Central,Female,41
4006,15677052,Ko,West,Female,59
4007,15656454,Le Gallienne,West,Male,37
4008,15645496,Seleznyova,West,Female,43
4009,15612505,Joseph,Central,Male,45
4010,15708513,Bevan,West,Female,39
4011,15685654,Allan,Central,Male,66
4012,15732307,Lavrentiev,East,Male,33
4013,15726814,Walton,Central,Male,46
4014,15653776,Salier,East,Female,57
4015,15597914,Evdokimov,East,Female,51
4016,15631603,Ponomaryova,West,Male,32
4017,15789753,Millar,West,Male,40
4018,15678034,Grosse,West,Male,46
4019,15690209,Hsiao,East,Female,32
4020,15592091,Belbin,Central,Male,31
4021,15647453,Ifeajuna,West,Male,42
4022,15697100,Wright,East,Female,48
4023,15811290,Komarova,East,Male,44
4024,15629187,Titheradge,West,Male,38
4025,15758073,Dellucci,West,Female,20
4026,15640769,Hobbs,West,Male,63
4027,15606641,Beggs,East,Male,56
4028,15718280,Luffman,East,Male,39
4029,15764335,Caldwell,East,Female,41
4030,15634218,Mancini,East,Male,27
4031,15808760,Evseev,Central,Female,42
4032,15648461,Hs?eh,Central,Male,37
4033,15593555,Chinedum,West,Male,38
4034,15569079,Hagins,East,Male,48
4035,15800736,Kirwan,Central,Female,42
4036,15792607,Little,West,Female,38
4037,15640034,Milligan,West,Male,42
4038,15807563,Ch'iu,West,Female,52
4039,15684461,McKay,Central,Female,31
4040,15580134,Crawford,Central,Male,27
4041,15679075,Onyemere,West,Male,37
4042,15742504,Azuka,West,Male,36
4043,15567328,Ch'en,Central,Male,38
4044,15698294,Royster,Central,Male,31
4045,15607142,Parkin,West,Male,32
4046,15738516,Kozlova,Central,Female,36
4047,15806403,Hu,West,Male,37
4048,15656707,Ma,Central,Male,21
4049,15653715,Coates,West,Female,63
4050,15806184,Burns,Central,Male,33
4051,15585734,Gouger,East,Male,41
4052,15725639,Ignatyev,West,Female,63
4053,15618401,Douglas,East,Male,41
4054,15785385,Fiorentino,Central,Male,51
4055,15734762,Ignatiev,West,Female,56
4056,15767129,Munz,West,Female,60
4057,15797204,Paling,Central,Female,28
4058,15769272,Clark,West,Female,26
4059,15771966,Akobundu,West,Male,39
4060,15691952,Fanucci,West,Male,37
4061,15593250,Hsiao,West,Female,29
4062,15605333,Clancy,Central,Male,31
4063,15800083,Macdonald,West,Male,45
4064,15575691,Palerma,West,Female,58
4065,15689886,Holden,East,Male,39
4066,15809838,Moore,Central,Male,30
4067,15736154,Gallo,West,Female,44
4068,15767391,Otutodilinna,East,Female,32
4069,15704910,Rios,Central,Male,23
4070,15656613,McGregor,West,Female,34
4071,15611551,Hill,Central,Male,48
4072,15732430,H?,Central,Female,54
4073,15741865,Ferrari,West,Female,38
4074,15634143,Onyemauchechi,Central,Male,30
4075,15609676,Nkemakonam,West,Female,35
4076,15761600,White,West,Male,43
4077,15676404,Kirillov,West,Female,50
4078,15659236,Iadanza,Central,Male,33
4079,15690440,Stiles,Central,Male,47
4080,15694601,Ankudinov,West,Female,31
4081,15812262,Gaffney,East,Female,37
4082,15762821,Udinese,Central,Male,33
4083,15669301,Romani,East,Female,29
4084,15672640,Kambinachi,Central,Female,45
4085,15750458,Hawkins,West,Female,39
4086,15627251,Tsui,West,Male,34
4087,15764294,Ifeatu,East,Male,31
4088,15659962,McIntosh,West,Male,60
4089,15788536,Armit,East,Male,40
4090,15596979,Fang,West,Female,47
4091,15681220,Chou,West,Female,37
4092,15635097,Okeke,East,Male,39
4093,15780779,Ramsbotham,Central,Female,40
4094,15798470,Scannell,Central,Female,48
4095,15760880,Edman,West,Male,29
4096,15616929,De Luca,Central,Male,62
4097,15758775,Vasilyeva,Central,Male,34
4098,15663386,Tuan,Central,Female,26
4099,15621267,Ejimofor,West,Male,32
4100,15720509,Hs?,West,Male,34
4101,15693322,Shaver,East,Female,37
4102,15589544,Wallis,Central,Female,57
4103,15772030,Coupp,Central,Male,33
4104,15693337,Perry,Central,Male,41
4105,15676571,Bezrukova,West,Male,55
4106,15701392,Lucciano,Central,Male,28
4107,15741092,Ingram,Central,Male,34
4108,15643865,Lo Duca,West,Female,40
4109,15769389,Wan,East,Female,39
4110,15807768,Cohn,East,Male,28
4111,15801630,Yen,West,Male,40
4112,15705034,Peng,Central,Male,40
4113,15763107,Little,West,Female,30
4114,15667085,Meng,West,Male,33
4115,15647008,Adams,East,Male,54
4116,15584505,Hill,West,Female,23
4117,15748068,Boyle,Central,Female,31
4118,15663964,Pagnotto,West,Male,37
4119,15782311,Feng,West,Male,28
4120,15588197,Endrizzi,West,Male,36
4121,15610105,Shen,East,Female,21
4122,15606133,Lay,Central,Male,42
4123,15599403,Wu,West,Male,60
4124,15648225,Shephard,Central,Female,38
4125,15608406,Schmidt,West,Male,26
4126,15633378,Davidson,Central,Female,49
4127,15664759,Lamb,Central,Male,32
4128,15625545,Hussey,Central,Male,52
4129,15772148,Ferrari,East,Female,37
4130,15810829,Macfarlan,West,Male,48
4131,15731669,Szabados,West,Male,39
4132,15738634,Yuan,West,Male,47
4133,15737571,Matveyev,Central,Female,28
4134,15667602,Cheng,Central,Male,33
4135,15684147,Palerma,West,Male,43
4136,15789874,Wang,West,Female,29
4137,15757952,Teng,West,Male,44
4138,15698732,K'ung,East,Male,51
4139,15714355,Sinclair,East,Male,32
4140,15599090,McKelvey,East,Male,40
4141,15762048,Yuan,East,Female,33
4142,15790596,Moran,Central,Male,39
4143,15609623,McConnell,West,Female,63
4144,15711901,Iheatu,West,Male,45
4145,15779809,Giordano,West,Male,44
4146,15729018,Alexander,West,Female,33
4147,15698246,Gordon,West,Female,24
4148,15712409,Tang,East,Male,66
4149,15758306,T'an,West,Male,32
4150,15621435,Davies,West,Female,39
4151,15566295,Sanders,West,Female,33
4152,15569098,Winifred,West,Male,44
4153,15662532,Holmes,East,Male,31
4154,15664001,Riddle,East,Female,53
4155,15703437,Chinedum,West,Male,34
4156,15708003,Aleksandrova,Central,Male,41
4157,15599452,Conti,East,Female,43
4158,15719793,Watson,Central,Male,62
4159,15771580,Davison,West,Female,38
4160,15732268,Cook,West,Male,29
4161,15722350,Udinesi,East,Female,37
4162,15611371,Siciliani,West,Male,43
4163,15673584,Bell,West,Female,74
4164,15636396,Jackson,West,Female,35
4165,15706170,Onyemere,West,Male,34
4166,15725478,McClemans,West,Male,60
4167,15654562,Ma,Central,Female,45
4168,15737509,Morrison,Central,Male,34
4169,15690796,Chambers,West,Male,37
4170,15716728,Basedow,Central,Female,42
4171,15605665,Nwora,East,Female,69
4172,15748481,Howey,West,Female,27
4173,15757777,Pai,West,Female,35
4174,15747808,Ni,West,Male,29
4175,15810593,Forbes,West,Male,51
4176,15693376,Baryshnikov,Central,Male,43
4177,15579808,Kramer,East,Female,39
4178,15598275,Sochima,West,Female,32
4179,15737080,Marchesi,West,Female,32
4180,15668580,Todd,Central,Male,33
4181,15569438,Mai,East,Male,36
4182,15675842,Pinto,Central,Male,26
4183,15577587,Reynolds,East,Male,52
4184,15625592,Sal,West,Male,26
4185,15635141,Miller,East,Male,59
4186,15642570,Scott,Central,Male,35
4187,15702175,Herrin,West,Female,29
4188,15677785,Stevenson,Central,Male,32
4189,15786153,McKenzie,East,Male,47
4190,15759499,Gardiner,West,Female,32
4191,15659568,Atkinson,Central,Female,31
4192,15715597,Onyemauchechi,West,Male,36
4193,15610147,Ross,West,Male,60
4194,15802362,Newland,Central,Male,45
4195,15660524,Hu,East,Female,54
4196,15747168,Sanders,East,Female,47
4197,15796910,Tsui,Central,Female,57
4198,15707674,Marino,West,Female,58
4199,15565706,Akobundu,Central,Male,35
4200,15587596,Morrison,Central,Female,39
4201,15751943,Mai,Central,Female,43
4202,15621227,Hs?eh,East,Female,46
4203,15757588,Wright,West,Male,30
4204,15640922,Demaine,West,Female,52
4205,15567557,Chien,West,Male,27
4206,15670103,Dickinson,West,Female,38
4207,15720929,Kazantseva,West,Female,47
4208,15732774,Marchesi,West,Male,37
4209,15628558,Pan,West,Female,44
4210,15729201,Harewood,West,Male,55
4211,15731117,Kao,Central,Male,28
4212,15615207,Yeh,Central,Male,47
4213,15773512,Bischof,Central,Female,25
4214,15572145,Ashton,West,Female,34
4215,15642710,Napolitani,West,Male,26
4216,15574213,Wilson,West,Female,53
4217,15718852,Uren,West,Male,56
4218,15583840,Okechukwu,East,Male,35
4219,15782418,Ku,East,Female,19
4220,15813504,Onyemachukwu,East,Female,25
4221,15711314,Kao,Central,Female,45
4222,15621064,Russell,East,Male,23
4223,15627847,Woronoff,West,Male,40
4224,15588090,Ferri,East,Female,51
4225,15735270,Ruggiero,Central,Male,47
4226,15671804,Wilding,Central,Male,36
4227,15753215,Yashina,Central,Female,36
4228,15789941,Yevseyev,West,Female,36
4229,15691061,Rapuokwu,West,Female,37
4230,15808326,Maslov,West,Female,34
4231,15566660,Cole,West,Female,41
4232,15778947,Sullivan,West,Male,36
4233,15632977,Hsiao,West,Male,47
4234,15591747,Rossi,West,Male,32
4235,15567335,Allsop,West,Female,42
4236,15609299,Chamberlain,West,Male,29
4237,15669945,Jackson,West,Male,35
4238,15736271,Dumetochukwu,West,Female,29
4239,15710390,Uspensky,West,Female,39
4240,15756481,Garcia,West,Female,39
4241,15736730,Soto,West,Female,45
4242,15626040,McDonald,Central,Male,63
4243,15746553,Castles,East,Male,50
4244,15622518,Stephenson,West,Female,26
4245,15684908,Davidson,East,Male,64
4246,15569446,Tu,West,Female,34
4247,15777504,Colbert,West,Female,30
4248,15677906,Owens,Central,Female,54
4249,15703292,Chimezie,West,Male,26
4250,15712938,Genovese,West,Male,44
4251,15631359,Daluchi,West,Female,38
4252,15720847,Sheffield,West,Male,35
4253,15787830,Bailey,East,Male,33
4254,15599869,Dyson,Central,Female,29
4255,15592078,Davide,East,Female,27
4256,15596228,Uwaezuoke,West,Male,29
4257,15578462,Hs?,Central,Female,76
4258,15756894,Onwuka,West,Male,29
4259,15796167,Flores,East,Male,35
4260,15664808,Nicoll,Central,Female,37
4261,15664555,Hughes,West,Male,40
4262,15607278,Romano,Central,Female,46
4263,15585222,Norman,West,Male,41
4264,15750299,Davison,Central,Male,24
4265,15761294,Manna,East,Female,56
4266,15810454,Reed,West,Male,32
4267,15673984,Daniels,West,Female,35
4268,15609319,Hunt,West,Female,41
4269,15709941,Feng,West,Male,46
4270,15580252,Waters,West,Male,44
4271,15741275,Yuan,West,Female,57
4272,15707132,Yudin,West,Male,33
4273,15600708,Calabresi,Central,Female,34
4274,15804787,Onyemauchechukwu,West,Male,75
4275,15690021,Martin,East,Female,42
4276,15763895,Hung,West,Male,32
4277,15623478,Maslova,East,Female,32
4278,15797910,Zetticci,East,Male,51
4279,15577751,Pisano,East,Male,30
4280,15781777,Sutherland,West,Male,33
4281,15740527,Lai,East,Female,62
4282,15721251,Watson,Central,Female,41
4283,15602994,Gorbunov,West,Female,53
4284,15750769,Padovano,West,Male,35
4285,15740175,Raynor,East,Female,42
4286,15679968,Ting,West,Male,40
4287,15694404,Eberegbulam,West,Female,42
4288,15657529,Chin,East,Male,53
4289,15762882,Manna,East,Female,31
4290,15642579,Chang,Central,Female,37
4291,15598884,Kent,Central,Female,23
4292,15770185,Buckley,West,Male,32
4293,15800287,Micco,Central,Female,46
4294,15665861,Avdeev,Central,Male,44
4295,15662203,Bremer,East,Female,42
4296,15616454,Davidson,East,Female,34
4297,15702788,Gadsdon,West,Male,40
4298,15778149,Connolly,Central,Male,68
4299,15680001,McDonald,West,Male,38
4300,15711991,Chiawuotu,West,Male,30
4301,15633834,Milne,East,Female,28
4302,15765266,Fleming,West,Male,32
4303,15791867,Hicks,East,Male,44
4304,15675380,Logan,Central,Male,56
4305,15770576,Hammond,Central,Male,50
4306,15775294,Weber,West,Female,31
4307,15727059,Lettiere,West,Female,40
4308,15702499,Schnaars,Central,Male,46
4309,15611699,Tao,West,Female,40
4310,15654000,Algarin,West,Female,35
4311,15657881,Onyemere,West,Male,38
4312,15719991,Korovina,Central,Female,52
4313,15720687,Chidubem,West,Female,41
4314,15687079,King,Central,Male,69
4315,15582276,Greco,West,Male,34
4316,15763980,Beneventi,East,Male,30
4317,15720774,P'eng,Central,Male,44
4318,15592194,Metcalf,West,Female,28
4319,15803685,Greco,East,Female,77
4320,15759456,Lupton,Central,Male,34
4321,15611544,Ibeamaka,East,Male,36
4322,15794257,Hsiung,West,Male,34
4323,15681697,Rueda,West,Male,31
4324,15579566,Li Fonti,Central,Female,43
4325,15577970,Alexeeva,West,Male,34
4326,15727489,Madueke,Central,Female,45
4327,15764284,Torres,Central,Male,27
4328,15581811,Chukwubuikem,East,Female,30
4329,15622527,Holloway,West,Female,55
4330,15753362,Evdokimov,Central,Male,60
4331,15666652,Anayolisa,West,Female,19
4332,15789714,Semmens,Central,Male,21
4333,15771543,Tu,East,Male,31
4334,15748327,Anderson,East,Male,34
4335,15754649,Fang,Central,Female,57
4336,15810460,Fanucci,Central,Female,64
4337,15771742,Boyle,East,Male,38
4338,15642160,Milanesi,West,Male,38
4339,15798439,Davidson,Central,Male,25
4340,15605293,McKay,West,Female,43
4341,15692631,Bogdanova,Central,Female,44
4342,15665376,Lavrentiev,East,Female,35
4343,15772412,Corser,Central,Male,30
4344,15654577,Alexeeva,East,Male,54
4345,15585427,Madueke,West,Female,26
4346,15584536,Barber,East,Male,46
4347,15585853,McCardle,Central,Male,41
4348,15645271,Radcliffe-Brown,East,Male,24
4349,15579387,Ni,East,Female,44
4350,15623107,Chukwumaobim,Central,Male,45
4351,15754072,Dennis,Central,Female,36
4352,15666163,Hayward,West,Male,43
4353,15765192,Jones,West,Male,26
4354,15804822,L?,West,Female,31
4355,15612893,Nelson,Central,Male,45
4356,15593636,Cardus,West,Female,39
4357,15693326,Whitehouse,West,Female,42
4358,15809901,Johnstone,West,Male,36
4359,15759751,Tsui,West,Male,48
4360,15605425,Chia,East,Female,44
4361,15801934,Su,West,Male,66
4362,15592000,Calabresi,East,Female,48
4363,15618695,Ts'ui,Central,Female,22
4364,15637110,McCulloch,Central,Female,35
4365,15727408,Koo,East,Male,27
4366,15716328,Miller,West,Female,40
4367,15669060,Woolnough,West,Male,74
4368,15675854,Douglas,Central,Male,50
4369,15621116,Fang,East,Male,33
4370,15781495,Munro,West,Female,22
4371,15740470,Vinogradov,West,Male,39
4372,15714391,Lai,West,Female,35
4373,15730137,Udegbulam,West,Male,31
4374,15596455,Mao,Central,Female,45
4375,15717290,Onyekaozulu,East,Male,41
4376,15616555,Fu,East,Male,41
4377,15659820,Cross,West,Female,34
4378,15696301,Snider,West,Female,37
4379,15771087,Harrison,West,Female,71
4380,15808831,Dale,West,Male,29
4381,15812241,Udinese,East,Male,59
4382,15680370,DeRose,West,Male,39
4383,15780561,Hay,West,Female,39
4384,15800784,Bruce,West,Male,42
4385,15715796,Romani,West,Male,37
4386,15605375,Tseng,West,Male,35
4387,15621520,Tang,East,Female,42
4388,15665460,Isayeva,Central,Female,67
4389,15801152,Hill,Central,Female,39
4390,15756425,Barnes,West,Male,30
4391,15674328,Moreno,West,Female,40
4392,15742404,McGregor,West,Male,38
4393,15757140,Genovese,West,Male,51
4394,15570051,Gill,East,Female,38
4395,15669175,Ts'ai,East,Male,24
4396,15790324,Green,West,Female,20
4397,15691119,Martin,East,Male,68
4398,15743478,Johnson,East,Male,39
4399,15707007,Onio,West,Female,39
4400,15572547,Vaguine,West,Female,45
4401,15567063,Manna,East,Female,34
4402,15689633,Toomey,Central,Female,38
4403,15720637,Bell,East,Female,46
4404,15616859,Bonwick,East,Female,43
4405,15766166,Folliero,Central,Male,43
4406,15617655,Holt,Central,Female,35
4407,15623450,Brown,East,Female,27
4408,15796612,Ch'ang,West,Female,31
4409,15795963,Fiorentini,West,Male,34
4410,15781598,Middleton,East,Male,41
4411,15691871,Millar,East,Male,42
4412,15740345,Osborne,Central,Male,42
4413,15662626,Feng,West,Female,40
4414,15596575,Vale,East,Male,39
4415,15657321,Arkwookerum,East,Male,27
4416,15575955,Lujan,West,Female,24
4417,15743893,Alexeyeva,West,Male,42
4418,15697270,Gannon,Central,Male,27
4419,15644356,Prokhorova,Central,Female,47
4420,15677586,Romero,East,Female,32
4421,15571261,Toscani,East,Female,35
4422,15698758,Onwuamaegbu,Central,Female,31
4423,15787014,King,East,Female,28
4424,15739857,Trentino,West,Female,40
4425,15774630,Peacock,East,Female,47
4426,15805523,Nnaife,West,Female,28
4427,15749557,Chao,West,Female,44
4428,15681180,Barese,West,Female,23
4429,15742028,Udegbulam,West,Female,35
4430,15686463,Fu,West,Male,38
4431,15654379,Onwuatuegwu,Central,Male,59
4432,15783629,Degtyaryov,East,Female,42
4433,15751193,Nnaemeka,Central,Male,33
4434,15724099,Udinese,West,Male,26
4435,15568429,Mitchell,Central,Female,46
4436,15648967,Ch'en,East,Female,64
4437,15664498,Golovanov,West,Male,26
4438,15779522,Efimov,West,Female,24
4439,15583850,Davidson,East,Male,68
4440,15696539,Wade,West,Female,21
4441,15760121,Maynard,West,Male,32
4442,15628279,Murphy,West,Female,38
4443,15766163,Zotova,West,Male,38
4444,15566467,Hannah,East,Female,32
4445,15639049,Cartagena,West,Female,31
4446,15736413,Hall,West,Male,29
4447,15634815,Hunt,West,Female,37
4448,15716381,Greece,East,Female,50
4449,15708162,Thomson,East,Female,40
4450,15569364,Victor,West,Male,36
4451,15791191,Mitchell,West,Male,59
4452,15621205,Olisaemeka,West,Male,34
4453,15704788,Krawczyk,Central,Female,49
4454,15775756,Alexandrova,East,Male,33
4455,15641312,Paterson,West,Male,36
4456,15782531,Chou,Central,Female,31
4457,15724428,Abel,West,Male,40
4458,15743617,Chesnokova,East,Male,47
4459,15585839,Niu,West,Male,37
4460,15658158,Sullivan,East,Female,23
4461,15637678,Ma,West,Male,35
4462,15701809,Cavill,Central,Female,28
4463,15676937,Nicholls,Central,Female,32
4464,15778975,Nnonso,East,Female,70
4465,15710375,Gibson,West,Male,41
4466,15579914,Garcia,East,Male,30
4467,15595160,Renwick,Central,Male,35
4468,15595391,Norris,West,Male,31
4469,15630363,Nkemakonam,West,Female,39
4470,15692443,Piccio,Central,Male,33
4471,15593795,Linton,East,Female,53
4472,15642824,Onyekaozulu,Central,Female,56
4473,15683524,Tobenna,East,Female,23
4474,15713532,Wang,East,Female,29
4475,15719827,O'Donnell,West,Male,36
4476,15578435,Langlands,West,Male,40
4477,15723028,Smith,West,Male,33
4478,15595609,Sykes,East,Male,52
4479,15622443,Marshall,West,Male,31
4480,15579112,Gibson,West,Male,47
4481,15648479,Stephenson,West,Female,45
4482,15659234,Y?,West,Male,30
4483,15811970,Kang,West,Female,42
4484,15774192,Miller,East,Female,38
4485,15595136,Kryukov,West,Female,37
4486,15630580,Y?,East,Male,34
4487,15660646,Fanucci,West,Male,35
4488,15614365,Lombardi,East,Male,31
4489,15776128,Hs?,West,Female,44
4490,15787035,Anderson,West,Female,35
4491,15792646,Trentino,Central,Female,64
4492,15726832,Donnelly,East,Male,61
4493,15773260,Tsou,West,Female,32
4494,15624437,Johnson,Central,Female,32
4495,15717138,Watson,Central,Male,31
4496,15657317,Allan,West,Female,32
4497,15626948,Butcher,West,Female,42
4498,15758901,Henderson,Central,Female,47
4499,15777759,Boucaut,West,Male,30
4500,15773322,Obiajulu,East,Female,44
4501,15697318,Ifeatu,East,Male,32
4502,15678916,Kelly,West,Female,75
4503,15632118,Pirozzi,Central,Male,45
4504,15788118,Siciliano,West,Male,33
4505,15788930,Silva,Central,Male,37
4506,15628583,Iweobiegbunam,West,Female,30
4507,15635177,Williamson,Central,Female,66
4508,15587690,Madueke,West,Male,28
4509,15627630,Chiagoziem,West,Female,41
4510,15610930,Kwemto,East,Female,35
4511,15657747,Zito,East,Female,43
4512,15568006,Ukaegbunam,West,Female,45
4513,15751748,Trevisani,West,Male,51
4514,15722212,Edmondstone,West,Female,41
4515,15658670,Chien,West,Female,38
4516,15761654,Boni,Central,Male,30
4517,15812210,Yashina,East,Female,32
4518,15787051,Georg,Central,Female,39
4519,15642991,Tung,Central,Female,29
4520,15713769,Michelides,Central,Male,38
4521,15605826,Korovina,East,Male,46
4522,15648898,Chuang,Central,Female,27
4523,15705309,Yuriev,Central,Male,39
4524,15734202,Chidimma,East,Female,52
4525,15658852,Stevens,West,Male,38
4526,15612633,Kao,Central,Male,43
4527,15604818,Edmund la Touche,West,Male,34
4528,15593900,Belousov,West,Male,38
4529,15624995,McCane,Central,Female,31
4530,15570087,Parry-Okeden,West,Female,44
4531,15802617,Hudson,East,Male,43
4532,15656029,Marsden,West,Male,37
4533,15739194,Manfrin,Central,Male,38
4534,15607275,Ch'ang,Central,Male,39
4535,15629475,Clark,West,Male,41
4536,15635034,Aldrich,East,Male,37
4537,15756333,Khan,West,Female,55
4538,15777436,Murray,Central,Female,31
4539,15676835,Anayolisa,Central,Male,33
4540,15574206,Shillito,West,Female,37
4541,15613017,McMillan,East,Male,32
4542,15815131,Howells,Central,Female,36
4543,15585455,Stewart,West,Male,28
4544,15692929,Ikechukwu,East,Female,42
4545,15758081,Repina,Central,Male,39
4546,15667476,Cox,East,Female,36
4547,15738248,Lo,West,Female,37
4548,15672152,Grant,East,Male,37
4549,15673372,Stevenson,West,Female,58
4550,15587611,Kauffmann,West,Male,59
4551,15803415,Samsonova,West,Female,39
4552,15715673,Niu,Central,Female,46
4553,15655648,Bock,West,Female,25
4554,15763613,Barlow,West,Male,30
4555,15660385,Stevenson,West,Male,39
4556,15733261,Kung,Central,Female,35
4557,15796231,Nwankwo,West,Female,18
4558,15624866,Brewer,East,Male,37
4559,15623730,Ch'iu,West,Male,34
4560,15668248,Quinn,East,Female,62
4561,15694518,Kodilinyechukwu,Central,Female,36
4562,15638028,Ifeanyichukwu,East,Male,31
4563,15795895,Yermakova,East,Male,36
4564,15694376,Sullivan,East,Female,64
4565,15669204,Grant,East,Male,23
4566,15773779,Jacka,Central,Female,46
4567,15580682,Tsai,West,Female,40
4568,15768530,Emery,Central,Female,27
4569,15672875,Piccio,East,Male,32
4570,15617082,Sanders,West,Male,33
4571,15760514,Sharp,East,Female,43
4572,15761775,Myers,East,Male,20
4573,15799964,Campbell,East,Female,30
4574,15693906,Abbott,West,Female,24
4575,15739514,Preston,West,Female,32
4576,15756926,Atherton,East,Male,29
4577,15770984,Fanucci,Central,Female,40
4578,15703979,Evans,East,Male,39
4579,15801821,Cookson,West,Male,38
4580,15711028,Nnachetam,West,Male,52
4581,15791842,Johnstone,West,Female,32
4582,15746127,Hort,West,Female,47
4583,15663625,Johnson,West,Male,37
4584,15604891,Zaytseva,Central,Female,38
4585,15589666,Sorokina,West,Female,39
4586,15627881,Diehl,West,Male,30
4587,15664895,Onuchukwu,West,Female,25
4588,15676094,Osonduagwuike,West,Female,34
4589,15761720,Mead,West,Male,41
4590,15611961,Stewart,West,Male,35
4591,15680167,Thomson,West,Female,78
4592,15762543,Goliwe,West,Female,32
4593,15658475,Lori,West,Male,36
4594,15779743,Onwuamaeze,West,Female,44
4595,15661532,Butusov,West,Female,31
4596,15782360,Rogers,East,Male,65
4597,15767908,Nicholson,West,Male,38
4598,15677105,Rossi,East,Female,46
4599,15641474,Hall,West,Male,46
4600,15624451,Huddart,West,Female,38
4601,15577985,Chinomso,West,Female,34
4602,15571666,Shaw,East,Male,30
4603,15783691,Hargreaves,Central,Female,35
4604,15671172,Swain,West,Male,23
4605,15731760,Butcher,West,Male,25
4606,15585599,Stone,West,Female,34
4607,15784958,Allan,West,Female,55
4608,15734524,Wang,West,Male,51
4609,15614103,Colombo,East,Male,42
4610,15794895,McKay,Central,Male,34
4611,15772381,Brient,East,Male,38
4612,15710553,Yin,East,Male,48
4613,15649292,Bellucci,West,Female,49
4614,15792565,Duncan,West,Female,46
4615,15718245,Pirozzi,West,Male,34
4616,15703117,Findlay,West,Female,44
4617,15758136,King,West,Male,37
4618,15799932,Iweobiegbunam,West,Male,24
4619,15633516,Tucker,West,Male,42
4620,15622532,Izmailova,West,Female,47
4621,15798960,Meng,West,Male,33
4622,15698664,Liang,Central,Male,43
4623,15703614,Hutchinson,Central,Male,48
4624,15699195,Shen,West,Female,24
4625,15710543,Okwuoma,West,Male,46
4626,15695499,Chinwemma,West,Female,45
4627,15622321,Golubova,West,Female,32
4628,15715744,Schiavone,West,Male,39
4629,15788151,Moore,Central,Male,32
4630,15687153,Graham,East,Male,49
4631,15684958,Amadi,East,Male,38
4632,15706116,McKay,East,Female,30
4633,15740557,Fedorova,West,Female,43
4634,15707291,Percy,East,Male,48
4635,15583353,Floyd,Central,Female,45
4636,15761024,Long,West,Female,33
4637,15630709,Castiglione,East,Female,31
4638,15639590,Melendez,West,Female,30
4639,15659399,Mazzi,East,Male,50
4640,15567078,Kovaleva,West,Female,27
4641,15696373,Gill,West,Female,44
4642,15786617,Arcuri,East,Male,34
4643,15657449,Chukwuma,East,Male,25
4644,15672594,Stevenson,West,Female,60
4645,15714240,Ponomarev,Central,Male,74
4646,15782144,Gilroy,West,Female,34
4647,15665008,Sidorov,East,Female,26
4648,15581733,Bates,West,Female,28
4649,15751392,Fanucci,Central,Female,57
4650,15785815,Toscano,East,Male,31
4651,15664214,Hearn,West,Male,33
4652,15579996,Iroawuchi,East,Female,25
4653,15675252,Martin,Central,Female,39
4654,15579617,Sinclair,West,Female,51
4655,15593976,Swanson,East,Female,31
4656,15716041,Chinomso,Central,Male,39
4657,15654489,Fomin,West,Female,38
4658,15736302,McKay,West,Male,48
4659,15805909,Bergamaschi,Central,Male,28
4660,15572762,Matveyeva,East,Female,50
4661,15724632,Madukaego,West,Female,41
4662,15670416,Ferri,West,Female,43
4663,15749528,Achebe,Central,Male,58
4664,15578783,Mai,East,Male,35
4665,15580719,Davis,West,Female,23
4666,15656293,Davey,West,Male,35
4667,15691875,Tsou,East,Female,39
4668,15596870,Marino,East,Male,54
4669,15780770,Kerr,West,Male,31
4670,15751491,Hsiao,East,Male,50
4671,15706200,Graham,East,Male,41
4672,15808674,Ejikemeifeuwa,East,Female,45
4673,15641411,Volkova,West,Female,23
4674,15764661,Wang,West,Male,33
4675,15689492,Benjamin,East,Male,41
4676,15602405,Ryrie,East,Female,38
4677,15610271,Andreev,Central,Female,42
4678,15791780,Ts'ao,East,Female,48
4679,15589147,Frolov,Central,Male,61
4680,15756975,Montemayor,Central,Female,35
4681,15729582,Fu,East,Male,48
4682,15742971,Whitehead,West,Female,44
4683,15568046,Izuchukwu,West,Male,24
4684,15694890,Lai,West,Male,38
4685,15736963,Herring,West,Male,43
4686,15646490,Duffy,Central,Male,42
4687,15607314,Chiefo,Central,Male,53
4688,15576745,Fyodorov,West,Male,48
4689,15669606,Chu,West,Male,33
4690,15737832,Robertson,Central,Male,45
4691,15681990,Palmerston,East,Male,24
4692,15758050,Madukwe,Central,Male,37
4693,15787848,Chinedum,Central,Male,30
4694,15713594,French,West,Female,32
4695,15588186,Polyakov,Central,Male,45
4696,15786739,Clements,West,Male,37
4697,15699467,Connor,Central,Female,41
4698,15680706,Balashov,East,Male,48
4699,15645717,Avdeeva,West,Male,62
4700,15748597,Chester,Central,Male,56
4701,15773709,Hung,Central,Male,35
4702,15629787,Tu,West,Male,27
4703,15661007,Thompson,West,Male,33
4704,15686812,Jones,Central,Female,44
4705,15754113,Li,West,Female,35
4706,15749489,Denisova,East,Female,22
4707,15574352,Clogstoun,West,Male,43
4708,15701281,Tan,West,Male,27
4709,15811985,Power,Central,Male,44
4710,15713505,Harriman,West,Male,31
4711,15685653,Benson,East,Female,40
4712,15758831,Thornton,West,Male,39
4713,15618774,White,West,Male,54
4714,15764448,Mackenzie,East,Male,35
4715,15611024,Kalinina,West,Female,23
4716,15738220,Bennet,Central,Male,38
4717,15805764,Hallahan,West,Male,18
4718,15580487,Martin,East,Male,38
4719,15675787,Rivera,West,Male,26
4720,15583580,Chiawuotu,East,Female,35
4721,15780654,Sergeyev,East,Female,33
4722,15695034,Christie,West,Female,44
4723,15805671,Louis,West,Male,32
4724,15790658,Iqbal,Central,Male,42
4725,15578648,Marino,East,Male,49
4726,15734987,Robertson,West,Female,43
4727,15721740,Pai,East,Male,50
4728,15641822,Barese,West,Female,19
4729,15765650,Chigolum,East,Male,40
4730,15788556,Trouette,West,Female,42
4731,15576550,Ugochukwu,Central,Female,38
4732,15622230,Cribb,West,Female,35
4733,15653937,McIntyre,East,Female,53
4734,15743538,Pickering,West,Female,31
4735,15591740,Fletcher,West,Female,54
4736,15650086,Uchenna,West,Male,43
4737,15718773,Pisano,West,Female,32
4738,15615140,Corson,West,Male,36
4739,15644361,Hooper,West,Female,40
4740,15774536,He,West,Female,32
4741,15618661,Chidubem,West,Male,30
4742,15605020,Schofield,West,Male,45
4743,15762134,Liang,East,Male,59
4744,15685279,Somadina,Central,Female,57
4745,15582849,McIntosh,West,Female,51
4746,15655410,Hinton,East,Male,49
4747,15649129,Sal,West,Male,32
4748,15702380,De Luca,Central,Male,64
4749,15759067,Bromby,East,Female,37
4750,15683027,Chang,East,Male,29
4751,15597487,Hunter,West,Female,35
4752,15763256,Sheppard,East,Female,64
4753,15620111,Fan,West,Male,54
4754,15623053,Muir,Central,Male,40
4755,15595592,Lai,West,Female,59
4756,15740072,Padovesi,West,Female,37
4757,15778005,Kemp,West,Female,39
4758,15583278,Greece,Central,Female,36
4759,15601263,Young,Central,Female,48
4760,15709222,Chukwueloka,Central,Male,34
4761,15713949,Woods,West,Male,40
4762,15717706,Forbes,West,Female,32
4763,15756071,Kang,West,Male,34
4764,15696564,Nweke,West,Male,38
4765,15657637,Ts'ui,Central,Female,36
4766,15755863,Milano,Central,Female,49
4767,15719858,Chao,Central,Female,38
4768,15688876,Wan,Central,Male,39
4769,15698528,Napolitani,Central,Female,31
4770,15770345,Kovaleva,Central,Female,31
4771,15761506,Russell,Central,Male,19
4772,15716619,Chiebuka,East,Female,36
4773,15788367,Ellis,Central,Male,44
4774,15709451,Gordon,East,Female,35
4775,15640421,Conway,West,Female,35
4776,15580068,Buccho,Central,Male,35
4777,15677123,Aksyonova,Central,Male,37
4778,15619801,Batty,West,Female,33
4779,15582246,Rowe,Central,Female,45
4780,15711843,Pisani,East,Male,40
4781,15680046,Onochie,Central,Male,36
4782,15804131,Farmer,Central,Female,53
4783,15722611,Cameron,West,Female,53
4784,15729224,Jennings,West,Female,37
4785,15811588,Eluemuno,Central,Female,53
4786,15702138,Swift,West,Female,22
4787,15749799,Pisani,West,Female,34
4788,15752885,Nnonso,West,Male,42
4789,15674932,Cameron,Central,Female,44
4790,15743828,Stevens,West,Male,41
4791,15642022,Zito,Central,Male,34
4792,15746461,Taylor,Central,Male,35
4793,15809991,Ferrari,Central,Male,19
4794,15787322,Yeh,West,Female,41
4795,15575498,Gould,West,Female,39
4796,15691387,Agafonova,West,Male,29
4797,15765457,Fowler,Central,Male,35
4798,15666173,Chidumaga,East,Female,32
4799,15627377,Sabbatini,West,Male,41
4800,15656683,Johnson,West,Male,52
4801,15679810,Chapman,West,Male,39
4802,15606310,Birk,West,Male,71
4803,15756871,Capon,Central,Male,39
4804,15610002,Chidubem,Central,Male,41
4805,15567802,Childs,Central,Female,34
4806,15745452,Sun,East,Male,41
4807,15617252,Lung,West,Female,33
4808,15753248,Tao,West,Male,28
4809,15610755,Napolitano,West,Female,33
4810,15662238,Davis,West,Male,37
4811,15799186,Sagese,West,Male,38
4812,15686941,Hutchinson,Central,Female,26
4813,15601172,Nelson,West,Male,31
4814,15723858,Schiavone,Central,Male,39
4815,15615896,Chienezie,Central,Male,39
4816,15737647,Obioma,East,Female,77
4817,15582841,Butusov,West,Male,29
4818,15760090,Pisano,West,Male,28
4819,15588587,Stetson,West,Female,36
4820,15683157,Waring,West,Male,26
4821,15694209,Fanucci,West,Female,32
4822,15655875,Thao,West,Female,33
4823,15805704,Murphy,West,Female,32
4824,15744789,McConnell,Central,Female,32
4825,15799357,Armfield,West,Male,35
4826,15726153,Fanucci,West,Male,31
4827,15713346,Panina,West,Male,24
4828,15665053,Nixon,Central,Male,52
4829,15592379,Walker,Central,Female,42
4830,15692599,Chiemela,West,Male,34
4831,15620758,Martel,Central,Male,30
4832,15637428,Briggs,West,Male,35
4833,15808389,Iheatu,West,Female,79
4834,15807003,Jennings,West,Male,32
4835,15702912,Ch'en,Central,Female,35
4836,15590623,Kovalyov,Central,Male,34
4837,15728078,Yeh,West,Male,26
4838,15708256,Chien,West,Male,28
4839,15582335,Brown,West,Female,40
4840,15649150,Buddicom,West,Female,53
4841,15691647,McGregor,West,Female,35
4842,15668270,Thompson,East,Female,44
4843,15624820,Ross,Central,Male,56
4844,15736254,Ch'ang,West,Male,29
4845,15720814,Warren,East,Female,36
4846,15642997,Uspenskaya,West,Female,36
4847,15693200,King,West,Female,36
4848,15624596,Trentini,West,Female,23
4849,15807167,Konovalova,West,Male,42
4850,15660301,Dellucci,East,Male,70
4851,15593094,Goddard,West,Male,27
4852,15618239,Neumann,West,Female,48
4853,15574137,Ch'in,Central,Male,35
4854,15614740,Walters,West,Female,41
4855,15574071,Muravyova,East,Male,23
4856,15671148,Barry,East,Male,33
4857,15721921,Woolnough,West,Male,44
4858,15717995,Keen,West,Male,27
4859,15632050,Liebe,West,Female,41
4860,15647111,White,Central,Female,22
4861,15759991,Hunter,Central,Male,36
4862,15790204,Myers,Central,Female,22
4863,15686780,Rogova,Central,Female,55
4864,15640491,Raff,West,Female,33
4865,15783225,Cocci,West,Male,54
4866,15734438,Kanayochukwu,West,Female,29
4867,15688760,Obialo,East,Female,37
4868,15768124,Liu,West,Female,34
4869,15661330,Gilbert,West,Male,37
4870,15781272,Coles,West,Male,50
4871,15573888,Ponomaryov,East,Female,43
4872,15575858,Bergamaschi,West,Male,40
4873,15645937,Guerin,Central,Male,32
4874,15702337,Sinclair,West,Male,37
4875,15764537,Dominguez,West,Male,43
4876,15619616,Costa,West,Female,33
4877,15585133,Wei,Central,Female,27
4878,15573971,Mills,West,Male,44
4879,15579433,Pugh,Central,Male,29
4880,15777045,Price,Central,Female,44
4881,15611580,Wood,Central,Male,33
4882,15614778,Robertson,West,Male,31
4883,15771750,Sawtell,East,Female,36
4884,15593280,Yuryeva,East,Male,43
4885,15569274,Pisano,East,Male,49
4886,15654408,Kharitonova,Central,Male,41
4887,15657468,Simmons,East,Female,53
4888,15614213,Muramats,West,Male,37
4889,15589869,Tang,West,Male,49
4890,15693205,Peng,East,Female,41
4891,15797113,Bevan,Central,Female,34
4892,15676958,Zito,East,Male,34
4893,15739592,Sokolov,East,Female,51
4894,15656263,Teng,Central,Male,29
4895,15636872,Amadi,West,Female,32
4896,15589435,Davide,West,Male,31
4897,15640464,Parkes,West,Male,41
4898,15723851,Mazzanti,Central,Male,40
4899,15722122,Findlay,West,Female,40
4900,15696852,Hsu,West,Female,32
4901,15634936,Chukwukadibia,West,Male,41
4902,15575935,Baxter,West,Male,59
4903,15634491,Kung,West,Male,30
4904,15628530,Booth,West,Male,42
4905,15678720,Evans,West,Female,44
4906,15627999,Kung,Central,Male,30
4907,15571244,Tung,Central,Female,33
4908,15739931,Yuan,West,Male,34
4909,15806256,Jackson,West,Male,48
4910,15787258,Ross,Central,Female,29
4911,15706463,Yang,West,Female,36
4912,15691004,Yu,Central,Male,37
4913,15792228,Onwumelu,West,Male,60
4914,15733447,Gay,West,Female,51
4915,15679062,Morrison,East,Female,47
4916,15594409,Belov,West,Male,45
4917,15613816,Mao,Central,Female,39
4918,15681991,Walsh,West,Male,32
4919,15796074,Bruno,West,Female,36
4920,15625941,Gray,Central,Female,50
4921,15615016,Maurer,West,Male,33
4922,15748414,Chiang,Central,Female,33
4923,15751203,Cattaneo,West,Male,26
4924,15662658,Grieve,East,Male,34
4925,15574868,Lowell,East,Male,36
4926,15790282,Trentino,East,Male,58
4927,15762927,Sung,East,Female,36
4928,15803456,Yen,West,Female,40
4929,15771857,Philipp,Central,Male,39
4930,15700601,Dynon,West,Male,34
4931,15569670,Alexeyeva,East,Male,30
4932,15772341,Hs?eh,East,Male,81
4933,15661548,Ferri,West,Female,29
4934,15787597,Hsu,East,Female,31
4935,15806913,Bishop,West,Female,54
4936,15804862,Toscani,East,Male,43
4937,15792986,T'ao,East,Male,24
4938,15625632,Philip,West,Male,36
4939,15727703,Li Fonti,East,Male,34
4940,15606273,Rene,West,Male,37
4941,15799652,Daigle,West,Female,38
4942,15715047,Joshua,Central,Male,43
4943,15784687,Simmons,West,Male,36
4944,15615322,Jamieson,Central,Male,43
4945,15722072,Hou,West,Male,53
4946,15646784,Cochran,West,Female,31
4947,15644692,Bibb,West,Female,47
4948,15670354,Jen,West,Female,62
4949,15716357,Corran,Central,Female,39
4950,15786717,He,West,Male,36
4951,15771383,Loggia,East,Female,45
4952,15649793,Lovely,West,Male,20
4953,15731543,Becker,Central,Male,58
4954,15684516,Plascencia,Central,Male,34
4955,15677249,Somadina,Central,Male,42
4956,15581525,Walker,East,Male,33
4957,15628420,Alekseeva,Central,Male,33
4958,15600478,Watson,West,Male,39
4959,15594502,Zotov,West,Male,37
4960,15784361,Williamson,Central,Female,46
4961,15767626,Carpenter,West,Male,42
4962,15632521,Cattaneo,East,Male,45
4963,15665088,Gordon,West,Female,42
4964,15652084,Boni,West,Male,40
4965,15574761,Lynch,West,Female,41
4966,15729515,McCarthy,West,Male,36
4967,15682070,Davies,West,Male,64
4968,15743817,Hargreaves,East,Male,40
4969,15572158,Blackburn,Central,Male,41
4970,15584477,K?,Central,Female,35
4971,15614893,Meng,Central,Male,38
4972,15665963,Cattaneo,Central,Male,30
4973,15612524,Hunt,East,Male,41
4974,15596962,Owens,West,Female,24
4975,15744942,Steele,Central,Female,55
4976,15573278,Kennedy,West,Male,39
4977,15717056,Pan,East,Female,25
4978,15795881,Alexander,Central,Male,35
4979,15758939,Bray,East,Male,35
4980,15792250,Nnabuife,East,Female,45
4981,15740406,Padovesi,East,Male,38
4982,15768137,Bray,Central,Female,23
4983,15569120,Lucas,West,Male,30
4984,15723721,Tinline,West,Male,30
4985,15777122,Esomchi,West,Female,31
4986,15742681,Liao,East,Male,26
4987,15582090,Iroawuchi,Central,Female,36
4988,15711254,Retana,West,Female,35
4989,15775067,Fang,West,Male,47
4990,15602851,Ozioma,West,Male,40
4991,15802857,Robson,Central,Female,33
4992,15701175,Bruno,West,Female,33
4993,15783019,Price,West,Female,62
4994,15728912,Swanson,West,Female,44
4995,15585580,Chang,East,Female,52
4996,15583480,Morgan,West,Female,36
4997,15620341,Nwebube,East,Male,44
4998,15613886,Trevisan,Central,Male,43
4999,15792916,Ositadimma,Central,Female,40
5000,15710408,Cunningham,Central,Female,38
5001,15598695,Fields,East,Female,68
5002,15649354,Johnston,Central,Male,35
5003,15737556,Vasilyev,West,Male,43
5004,15671610,Hooper,West,Male,36
5005,15625092,Colombo,East,Female,57
5006,15741032,Tsao,West,Male,48
5007,15750014,Chikere,East,Female,37
5008,15784761,Ballard,Central,Female,46
5009,15768359,Akhtar,West,Male,36
5010,15805769,O'Loughlin,Central,Male,33
5011,15719508,Davis,East,Male,49
5012,15609011,Barry,Central,Male,47
5013,15703106,K'ung,West,Male,40
5014,15626795,Gorman,West,Female,40
5015,15773731,John,Central,Female,35
5016,15756196,Tsou,West,Male,50
5017,15687903,Okonkwo,West,Female,29
5018,15777599,Esposito,East,Male,34
5019,15754577,Boni,West,Female,51
5020,15584113,Pratt,East,Female,53
5021,15669589,Page,East,Female,68
5022,15632793,Wilkinson,West,Female,29
5023,15711130,Tseng,West,Male,45
5024,15615254,Clark,West,Male,40
5025,15720583,Finch,East,Female,44
5026,15780432,Shen,West,Male,37
5027,15673223,Hou,West,Male,44
5028,15807989,Wall,East,Male,37
5029,15761168,Manna,West,Female,38
5030,15651272,Reyes,West,Male,38
5031,15812832,Jideofor,East,Male,33
5032,15680517,Sal,East,Female,34
5033,15750569,Iweobiegbunam,East,Female,46
5034,15690743,Shao,West,Female,61
5035,15627741,Heath,East,Female,29
5036,15712121,Chidimma,Central,Male,34
5037,15805429,Murray,East,Male,59
5038,15814923,Sullivan,Central,Male,38
5039,15589230,Wu,West,Female,63
5040,15775490,Downie,West,Female,38
5041,15749727,Chukwufumnanya,Central,Male,50
5042,15619238,Allan,Central,Male,29
5043,15593468,Findlay,West,Female,33
5044,15718454,Ch'eng,Central,Female,44
5045,15789498,Miller,West,Male,30
5046,15744691,Tsai,West,Female,29
5047,15708289,Graham,Central,Male,25
5048,15790412,Norton,Central,Male,26
5049,15741416,Yegorov,West,Male,42
5050,15598894,Holt,Central,Male,38
5051,15663294,Kao,West,Male,32
5052,15572728,Ross,Central,Male,36
5053,15706729,Hsiao,West,Male,38
5054,15674433,Allan,East,Female,28
5055,15641170,Liang,Central,Male,36
5056,15806284,Briggs,Central,Male,31
5057,15690958,Cantrell,East,Male,23
5058,15606386,Wang,East,Female,46
5059,15682322,Aksenov,West,Male,37
5060,15579915,Glennon,West,Male,29
5061,15681928,Yancy,West,Female,35
5062,15734005,Mazzi,West,Female,42
5063,15650432,Liu,East,Male,41
5064,15592578,Nucci,Central,Female,41
5065,15671243,Y?,West,Female,47
5066,15775709,Nucci,West,Female,27
5067,15702631,Tang,West,Female,26
5068,15602282,Kao,East,Female,45
5069,15717879,Chen,Central,Female,79
5070,15740878,Yao,Central,Female,29
5071,15794468,Tsou,West,Female,42
5072,15773277,Barnes,West,Male,35
5073,15572657,H?,West,Male,29
5074,15800295,Cruz,East,Male,34
5075,15672397,Smith,West,Male,38
5076,15684921,Onuchukwu,Central,Male,25
5077,15720676,Bukowski,West,Female,37
5078,15731829,Simmons,West,Male,34
5079,15732672,Stewart,Central,Male,35
5080,15692406,Gow,West,Male,37
5081,15764405,Williams,West,Male,29
5082,15757537,Francis,West,Female,31
5083,15793307,Calabresi,Central,Female,41
5084,15660679,Chimaobim,Central,Female,38
5085,15666856,Chikwendu,West,Male,49
5086,15687372,Padovesi,East,Male,49
5087,15667289,Henderson,Central,Male,50
5088,15624641,Kharlamova,Central,Male,43
5089,15734610,Onio,West,Male,42
5090,15631882,Yeh,East,Male,45
5091,15642709,Feng,West,Female,30
5092,15811026,Norman,East,Male,43
5093,15596303,White,West,Female,39
5094,15787255,Manfrin,East,Female,55
5095,15617166,Ritchie,West,Male,37
5096,15742442,Udegbulam,Central,Female,46
5097,15758692,Kao,West,Female,29
5098,15568238,Diaz,Central,Male,20
5099,15730353,Olisaemeka,East,Male,29
5100,15731555,Ross-Watt,East,Female,45
5101,15582404,Miller,Central,Female,26
5102,15721462,Shubin,Central,Female,58
5103,15632899,Nwankwo,Central,Male,20
5104,15808526,Cartwright,East,Female,58
5105,15694349,Ngozichukwuka,Central,Male,44
5106,15718465,Sadler,East,Male,51
5107,15682995,Azuka,West,Female,32
5108,15584776,Shen,Central,Female,37
5109,15777772,Whittaker,Central,Male,55
5110,15576156,Abazu,Central,Female,28
5111,15646756,Murphy,West,Female,33
5112,15742886,Ford,West,Male,26
5113,15586135,Gratwick,Central,Female,28
5114,15616152,Pai,West,Female,47
5115,15721460,Lorenzo,West,Male,60
5116,15727317,Brady,East,Female,49
5117,15649536,Wong,East,Male,38
5118,15754929,Douglas,West,Male,31
5119,15572051,Kennedy,West,Male,40
5120,15668142,Chang,West,Male,37
5121,15701176,Brown,West,Male,26
5122,15708422,Hsiung,Central,Female,35
5123,15655632,MacDonald,West,Male,27
5124,15744606,Davidson,Central,Male,29
5125,15612140,Milano,Central,Female,46
5126,15656086,Bovee,Central,Male,54
5127,15655298,Lewis,Central,Female,54
5128,15644796,Dyer,Central,Female,38
5129,15726250,Hsia,West,Female,38
5130,15764432,Hicks,East,Female,42
5131,15631721,Millar,East,Male,38
5132,15707479,Fan,West,Male,40
5133,15579826,Young,West,Female,66
5134,15668104,Kerr,Central,Male,37
5135,15641604,Frolova,West,Female,55
5136,15587240,Vasilyev,West,Male,40
5137,15680767,Sabbatini,East,Female,64
5138,15601594,Ifeanacho,West,Female,51
5139,15589969,Capon,West,Male,34
5140,15703728,Chieloka,Central,Male,47
5141,15617790,Hanson,West,Female,29
5142,15662500,Ts'ao,Central,Male,32
5143,15778526,Bradshaw,Central,Female,48
5144,15670584,Nkemakolam,Central,Male,31
5145,15748069,Clunie,West,Female,25
5146,15680597,Cover,East,Male,38
5147,15628992,Esposito,East,Male,32
5148,15719624,Hodgson,West,Female,38
5149,15812767,Harvey,Central,Male,70
5150,15689201,Dobie,West,Female,49
5151,15614716,Okwudilichukwu,West,Female,37
5152,15683618,Dyer,West,Female,35
5153,15799631,Chase,Central,Male,36
5154,15692259,Baresi,West,Female,29
5155,15590966,Lo,East,Female,42
5156,15656426,Tyler,West,Female,42
5157,15675256,Ts'ui,Central,Male,33
5158,15751185,Aparicio,Central,Female,50
5159,15789582,Macleod,West,Male,55
5160,15651103,Sal,Central,Female,69
5161,15672299,Yeh,West,Male,44
5162,15772250,Udegbunam,Central,Male,46
5163,15763922,Alexandrov,West,Male,31
5164,15633870,Ozioma,West,Female,36
5165,15624323,Atkins,West,Male,36
5166,15688612,Campos,West,Male,33
5167,15694644,Wood,Central,Female,43
5168,15587174,Kerr,West,Male,29
5169,15579559,Chienezie,Central,Male,30
5170,15775430,Tsou,East,Male,31
5171,15623695,McKinnon,West,Female,31
5172,15760849,Nwachukwu,West,Male,39
5173,15813095,Nwebube,West,Male,37
5174,15705281,Burt,Central,Male,38
5175,15812594,Ross,West,Male,34
5176,15626322,Lees,Central,Female,29
5177,15723105,Feetham,West,Female,28
5178,15588449,Chuang,Central,Female,27
5179,15794849,Aitken,East,Male,22
5180,15620000,Chambers,East,Male,34
5181,15799720,Coburn,Central,Male,43
5182,15711287,Ahmed,Central,Female,35
5183,15613102,Ogochukwu,West,Female,31
5184,15621440,Soto,West,Male,38
5185,15677146,Obiajulu,West,Female,28
5186,15801169,Yegorova,East,Female,39
5187,15722425,Lucchese,West,Male,32
5188,15682421,Talbot,West,Female,30
5189,15691910,Lu,Central,Male,30
5190,15721779,Arnold,Central,Male,41
5191,15579548,Nicholson,Central,Male,36
5192,15681075,Chukwualuka,West,Female,58
5193,15607884,Wallace,West,Female,39
5194,15767757,Pisano,Central,Female,29
5195,15791550,Kelly,West,Male,27
5196,15658589,Brady,Central,Male,38
5197,15670822,Palmer,West,Female,22
5198,15629744,Tan,West,Female,71
5199,15660768,L?,West,Male,40
5200,15726310,Mordvinova,Central,Female,27
5201,15641298,Corones,East,Male,42
5202,15625675,Clements,West,Male,36
5203,15713354,Morrice,East,Female,22
5204,15633866,Hsiung,East,Male,30
5205,15704231,Barrett,West,Female,33
5206,15735400,Kanayochukwu,West,Male,28
5207,15632826,Tardent,West,Male,38
5208,15751022,Bowhay,East,Female,37
5209,15664737,Lei,Central,Female,38
5210,15681126,Baker,Central,Female,38
5211,15738954,Pisano,West,Male,35
5212,15662263,Castillo,East,Male,22
5213,15621611,Gibson,East,Male,55
5214,15783752,Lindsay,East,Male,29
5215,15709474,Macnamara,East,Female,57
5216,15701280,Romano,West,Male,24
5217,15671104,Aksakova,Central,Male,43
5218,15796434,Farnsworth,West,Male,28
5219,15781505,Giordano,West,Male,20
5220,15625819,Arnold,West,Female,38
5221,15753174,Thompson,East,Male,37
5222,15654067,Koch,Central,Female,29
5223,15724719,Jones,West,Female,22
5224,15624695,Otitodilinna,Central,Female,72
5225,15718216,Fleetwood-Smith,Central,Male,43
5226,15586300,Chinonyelum,West,Male,66
5227,15783349,Montague,Central,Male,39
5228,15725767,Milani,West,Male,23
5229,15791925,Palermo,West,Male,29
5230,15793585,Anderson,West,Male,35
5231,15576641,Crawford,East,Male,40
5232,15749519,Lin,West,Male,38
5233,15684960,Yewen,West,Female,46
5234,15591286,Simmons,East,Female,49
5235,15668323,Mbadiwe,West,Female,41
5236,15608528,Munro,West,Female,68
5237,15645184,Graham,West,Male,29
5238,15702566,Lombardo,Central,Male,26
5239,15660840,Kalinin,West,Male,30
5240,15750811,Woodward,East,Male,44
5241,15733842,Pirozzi,West,Female,24
5242,15581526,Iweobiegbulam,West,Male,41
5243,15662751,Piazza,East,Female,40
5244,15684319,Baranova,East,Female,37
5245,15702190,Fan,Central,Male,43
5246,15588517,Sun,West,Male,38
5247,15801863,Marino,West,Female,32
5248,15584271,Donaldson,West,Male,59
5249,15700366,Burton,West,Male,39
5250,15804038,Quinn,West,Male,44
5251,15720820,Sabbatini,East,Female,24
5252,15743759,Brooks,West,Male,39
5253,15749947,Black,West,Female,44
5254,15670496,Schwartz,Central,Female,27
5255,15746664,Ts'ui,Central,Male,20
5256,15745533,Sargent,West,Female,63
5257,15761497,Udinesi,Central,Female,48
5258,15628600,Lee,East,Female,31
5259,15627002,Taylor,West,Male,38
5260,15614635,Kepley,West,Male,52
5261,15731281,Ozuluonye,East,Female,35
5262,15814022,Lassetter,West,Female,26
5263,15659194,Mishina,West,Male,30
5264,15745030,Trevisano,East,Male,41
5265,15691817,Iloerika,Central,Female,44
5266,15707488,Tan,West,Female,27
5267,15784700,Chikelu,West,Male,31
5268,15710397,Lin,West,Male,26
5269,15687648,Nicholson,West,Male,28
5270,15732281,Ugoji,East,Male,34
5271,15607230,Michel,East,Male,33
5272,15567630,Bruce,East,Male,40
5273,15587507,Feng,West,Male,47
5274,15733904,McDonald,West,Male,32
5275,15709511,Watt,West,Male,43
5276,15579616,Goodwin,West,Female,42
5277,15694852,Arcuri,West,Male,29
5278,15589924,Rapuluolisa,Central,Female,40
5279,15799300,Kao,East,Male,31
5280,15731330,Tsui,Central,Female,40
5281,15694129,Summers,East,Female,28
5282,15620372,Cross,Central,Male,31
5283,15744622,Osorio,West,Male,32
5284,15799815,Bobrov,East,Female,23
5285,15759250,Barnett,East,Male,51
5286,15732643,Pike,Central,Female,53
5287,15690540,Gearheart,Central,Female,41
5288,15803078,Bruno,Central,Female,38
5289,15652180,Egobudike,West,Male,30
5290,15741195,Okechukwu,Central,Male,19
5291,15743490,Zikoranachidimma,East,Female,56
5292,15575510,Milanesi,West,Female,32
5293,15732610,Ahern,West,Female,28
5294,15602909,Dickson,Central,Female,41
5295,15734058,Anayochukwu,East,Male,32
5296,15801788,McDonald,East,Female,29
5297,15702462,Fiorentini,Central,Female,44
5298,15683416,Russo,East,Male,51
5299,15794187,Young,West,Male,36
5300,15792989,Bianchi,West,Female,71
5301,15613734,Fallaci,West,Female,33
5302,15606177,Crawford,West,Male,39
5303,15636700,Marsh,West,Male,39
5304,15645766,Kosisochukwu,Central,Male,25
5305,15671345,Piccio,Central,Female,42
5306,15652469,Nevels,West,Male,27
5307,15749638,Kaodilinakachukwu,West,Female,51
5308,15728706,Amaechi,West,Female,49
5309,15735439,P'an,Central,Female,31
5310,15778696,Ikemefuna,Central,Female,36
5311,15624744,Tai,East,Male,42
5312,15584338,Winn,West,Female,40
5313,15726178,Hardy,Central,Female,48
5314,15794939,Chiu,West,Female,72
5315,15788068,Lopez,East,Male,45
5316,15572956,Steen,West,Male,36
5317,15780386,Ferri,Central,Male,40
5318,15791114,Yegorova,West,Male,37
5319,15708046,Knowles,Central,Male,31
5320,15719779,May,East,Male,25
5321,15591550,Bianchi,Central,Male,36
5322,15639368,Pipes,West,Male,25
5323,15699830,Doherty,West,Female,40
5324,15569264,Yobanna,West,Male,32
5325,15595158,Hsu,East,Male,31
5326,15599126,Russell,West,Female,43
5327,15650575,Payne,Central,Female,59
5328,15641490,Windsor,East,Female,25
5329,15680234,Bray,East,Male,27
5330,15592230,Seleznyov,West,Male,41
5331,15626212,Wark,West,Male,29
5332,15700627,Y?,East,Female,46
5333,15782641,Brown,Central,Female,29
5334,15784445,Huang,Central,Male,33
5335,15813681,Zito,East,Male,24
5336,15596649,Bailey,West,Female,39
5337,15700460,Allnutt,West,Female,55
5338,15724076,Christie,Central,Female,57
5339,15784000,Pope,East,Female,34
5340,15733966,Johnstone,East,Female,55
5341,15612667,Bird,Central,Male,42
5342,15654025,Jones,West,Female,51
5343,15589431,Pedder,East,Male,47
5344,15578238,Calabrese,West,Male,47
5345,15566269,Chialuka,West,Male,25
5346,15639217,McKenzie,West,Male,34
5347,15688644,Holloway,West,Male,31
5348,15662426,Tang,Central,Male,32
5349,15720511,Byrne,East,Male,41
5350,15567246,Selwyn,East,Male,32
5351,15647965,Genovese,West,Female,57
5352,15679048,Koger,East,Male,41
5353,15675749,Baranov,West,Female,23
5354,15782181,Greco,Central,Male,35
5355,15795738,Owens,West,Male,31
5356,15773751,Y?,West,Female,29
5357,15655436,Kendall,East,Male,47
5358,15691396,Ko,East,Male,31
5359,15796958,Tang,West,Male,39
5360,15801832,Lombardo,East,Male,42
5361,15661349,Perkins,West,Male,35
5362,15719265,Feng,West,Male,46
5363,15779985,Lo,East,Female,37
5364,15663410,Piccio,Central,Male,51
5365,15704144,Mazzanti,East,Male,33
5366,15774104,Chukwualuka,Central,Male,39
5367,15812230,Elliot,East,Female,42
5368,15742848,Gratton,West,Male,41
5369,15745326,Carandini,West,Female,62
5370,15674541,Robinson,Central,Male,52
5371,15728564,Lo,West,Male,41
5372,15580701,Ma,West,Male,33
5373,15688973,Vinogradova,Central,Female,39
5374,15709412,H?,Central,Male,30
5375,15607753,Alexandrova,Central,Female,23
5376,15705352,Yang,Central,Male,38
5377,15602500,Maslova,Central,Male,38
5378,15672437,Buccho,West,Male,72
5379,15720968,Young,East,Male,27
5380,15730796,Barker,West,Female,21
5381,15768219,Sung,Central,Male,36
5382,15663883,Hansen,East,Male,32
5383,15589296,Brown,West,Female,40
5384,15586425,Lo Duca,West,Male,28
5385,15679813,Ellis,Central,Male,28
5386,15681410,Korff,East,Female,36
5387,15668283,Gardiner,West,Male,48
5388,15624072,Kiernan,Central,Male,22
5389,15669664,Thompson,East,Male,54
5390,15682728,Mathews,West,Female,32
5391,15573851,Macrossan,West,Female,38
5392,15733661,Illingworth,Central,Female,27
5393,15710012,Bowen,Central,Male,44
5394,15763327,Craig,West,Male,32
5395,15668853,Menhennitt,Central,Female,44
5396,15639303,Moore,East,Male,48
5397,15691011,Shoebridge,West,Male,42
5398,15638513,Palermo,West,Female,40
5399,15648933,Reilly,East,Male,44
5400,15628904,Bowen,Central,Male,35
5401,15644788,Fyodorov,West,Female,30
5402,15598161,Clements,West,Male,47
5403,15745624,McKenzie,West,Male,37
5404,15733169,Craig,Central,Male,22
5405,15801417,Iloerika,West,Male,37
5406,15592707,Dolgorukova,East,Female,64
5407,15593954,Eva,West,Female,47
5408,15714431,Yeh,West,Male,37
5409,15638257,P'an,Central,Female,54
5410,15690939,Howe,Central,Male,28
5411,15723613,Jenkins,West,Female,28
5412,15813640,Shih,West,Female,40
5413,15707322,Nnamdi,West,Female,48
5414,15588918,Mitchell,West,Female,42
5415,15600357,Findlay,West,Female,40
5416,15747014,Pisani,West,Female,28
5417,15809830,Belisario,West,Male,50
5418,15662245,Pomeroy,West,Male,32
5419,15651075,Ibrahimova,East,Male,35
5420,15594456,K?,Central,Female,56
5421,15583462,Graham,West,Male,28
5422,15757661,Trevisano,West,Female,39
5423,15729117,Trevisano,West,Female,31
5424,15749671,K?,West,Male,35
5425,15566253,Manning,East,Male,44
5426,15595153,Tucker,East,Female,44
5427,15698572,Schaffer,Central,Female,36
5428,15674149,Esomchi,East,Male,36
5429,15623082,Ch'ang,West,Female,35
5430,15797905,Walker,West,Female,48
5431,15746028,Chu,West,Female,24
5432,15582951,Crawford,West,Female,25
5433,15616471,Milne,Central,Male,51
5434,15641575,Anenechukwu,West,Male,37
5435,15638803,Donaldson,Central,Female,32
5436,15808283,Kelly,West,Female,33
5437,15811200,Ts'ao,West,Female,34
5438,15733476,Gonzalez,East,Male,30
5439,15633274,Tai,West,Male,34
5440,15582168,Muravyova,East,Female,61
5441,15807269,Milanesi,East,Male,43
5442,15602979,Lin,West,Male,29
5443,15660417,Lambert,East,Female,43
5444,15590199,Temple,Central,Male,28
5445,15641794,Ridley,West,Male,33
5446,15779174,Young,West,Female,36
5447,15785547,Slye,West,Male,28
5448,15795124,Pan,East,Male,50
5449,15718912,Hsueh,East,Female,44
5450,15592028,Roberts,West,Female,46
5451,15580227,Moss,West,Male,33
5452,15657830,Andrews,West,Male,43
5453,15798256,Takasuka,West,Female,45
5454,15643819,Dawson,West,Female,25
5455,15754301,Bruche,West,Male,39
5456,15726855,Oliver,East,Female,45
5457,15755225,Ryan,East,Male,34
5458,15725221,Sabbatini,East,Male,62
5459,15789055,Watt,Central,Male,35
5460,15617507,Wilson,Central,Female,36
5461,15668894,Abramova,East,Male,41
5462,15589563,Purdy,Central,Male,31
5463,15693162,Higgins,West,Female,29
5464,15750099,Marshall,West,Female,36
5465,15795540,Reye,West,Female,36
5466,15794941,Chibueze,East,Female,41
5467,15611848,Kwemtochukwu,East,Male,32
5468,15581237,Biryukova,Central,Male,33
5469,15738150,Chidozie,West,Male,45
5470,15678571,Barber,West,Male,21
5471,15736124,Thompson,West,Male,25
5472,15623202,Maslov,East,Female,39
5473,15804201,Jones,East,Male,42
5474,15596863,Chidumaga,East,Female,38
5475,15696277,Hs?,West,Female,34
5476,15748608,Trentini,East,Male,42
5477,15723864,Lucas,Central,Male,47
5478,15802390,Willoughby,West,Female,34
5479,15774336,Jamieson,East,Male,44
5480,15648766,Robertson,Central,Male,35
5481,15659094,Ojiofor,East,Female,34
5482,15606397,Cameron,East,Female,44
5483,15642619,Mayne,Central,Male,46
5484,15666032,Mancini,Central,Male,28
5485,15595842,Paramor,East,Male,45
5486,15753837,Young,Central,Male,38
5487,15783882,Daly,Central,Female,41
5488,15799790,Carter,West,Male,35
5489,15628155,Dike,West,Female,35
5490,15703778,Hughes,West,Male,33
5491,15722322,Green,Central,Female,78
5492,15639278,Chinomso,East,Female,36
5493,15568487,Gorshkov,West,Male,35
5494,15682084,Chinomso,West,Male,31
5495,15642821,Ijendu,Central,Female,48
5496,15601387,Yen,West,Male,35
5497,15642515,Arcuri,West,Female,42
5498,15710421,Baresi,Central,Female,36
5499,15726774,Field,West,Male,35
5500,15649078,Christian,East,Female,27
5501,15641877,Ross,West,Male,47
5502,15796496,Trevisani,West,Female,31
5503,15815690,Akabueze,Central,Female,40
5504,15631739,Dunn,Central,Male,24
5505,15625584,Martin,West,Male,32
5506,15802466,Donaldson,West,Female,53
5507,15697028,McClinton,Central,Male,34
5508,15575759,Bentley,Central,Female,40
5509,15567442,Ibezimako,West,Female,75
5510,15746805,Thomson,West,Male,33
5511,15636330,Ch'in,East,Female,48
5512,15714970,Holbrook,East,Male,32
5513,15653784,Solomina,West,Male,37
5514,15693543,McDonald,West,Female,33
5515,15773283,Dennis,West,Male,65
5516,15742534,Faulk,East,Female,28
5517,15569878,Dale,West,Male,37
5518,15729454,Gorbunov,West,Male,33
5519,15578375,Farrell,West,Male,39
5520,15785559,De Luca,West,Male,43
5521,15649414,Walker,West,Female,61
5522,15701605,Forster,West,Male,37
5523,15686696,Brown,West,Female,37
5524,15625586,Monaldo,West,Male,35
5525,15654975,Wu,West,Female,53
5526,15782993,Pan,West,Male,51
5527,15774382,Longo,East,Male,49
5528,15689602,Findlay,West,Male,38
5529,15756155,Fu,West,Male,32
5530,15812647,Yin,West,Male,34
5531,15736043,Hamilton,West,Male,34
5532,15696744,Miller,West,Female,31
5533,15602572,Hsing,West,Male,33
5534,15674765,Mitchell,Central,Male,44
5535,15678725,Chamberlin,West,Female,29
5536,15694444,Buttenshaw,East,Female,32
5537,15795878,Anayochukwu,Central,Male,45
5538,15735346,Wallace,East,Female,41
5539,15687094,Calabresi,East,Female,28
5540,15790067,Sun,Central,Male,39
5541,15605742,Tuan,West,Male,43
5542,15566740,Nazarova,Central,Male,51
5543,15664897,Bryant,West,Female,35
5544,15585777,Pai,West,Male,38
5545,15650864,Power,West,Male,42
5546,15806709,Hao,East,Male,33
5547,15633818,McMillan,West,Male,32
5548,15713845,Merrett,West,Male,38
5549,15639662,Phillips,West,Male,38
5550,15567013,De Luca,Central,Male,33
5551,15777784,Tu,West,Female,44
5552,15800251,Elder,East,Female,26
5553,15651315,Dilke,West,Male,41
5554,15651450,Panicucci,East,Male,31
5555,15784218,Mason,Central,Male,38
5556,15572398,Townsend,Central,Female,39
5557,15707962,Gunson,West,Male,40
5558,15705663,Milano,East,Female,39
5559,15645355,Macleod,East,Male,34
5560,15729557,Olisaemeka,East,Male,36
5561,15631436,Gleeson,West,Male,35
5562,15583073,Martin,Central,Female,56
5563,15614361,Liao,Central,Male,42
5564,15724684,Sung,Central,Male,46
5565,15700083,Lai,Central,Male,39
5566,15636541,Cartwright,East,Male,35
5567,15796015,Wu,East,Male,42
5568,15787222,Ch'in,East,Male,28
5569,15594270,Biryukov,West,Male,38
5570,15701524,Ting,West,Male,36
5571,15645847,P'eng,East,Male,35
5572,15708867,Niu,Central,Female,38
5573,15613140,Mellor,West,Male,34
5574,15628893,Power,West,Male,29
5575,15764073,Arcuri,Central,Female,36
5576,15782879,Lang,West,Male,40
5577,15635964,Eve,East,Male,65
5578,15726087,Ch'in,West,Female,62
5579,15726313,Napolitani,Central,Female,50
5580,15578073,Barker,Central,Male,22
5581,15786249,Whitfield,Central,Male,30
5582,15812850,Stradford,Central,Male,67
5583,15596972,Brownlow,West,Male,38
5584,15620579,Dunn,Central,Female,31
5585,15768270,DeRose,Central,Female,31
5586,15656597,Wang,East,Male,38
5587,15699446,Hobbs,East,Female,25
5588,15615004,Anderson,West,Female,37
5589,15704771,Ugochukwu,West,Female,35
5590,15588372,Kirsova,East,Female,37
5591,15681439,Tsou,East,Male,25
5592,15607509,Ozerova,West,Male,38
5593,15670343,Li,Central,Male,19
5594,15597968,Fyans,Central,Male,50
5595,15658432,Freeman,West,Male,40
5596,15616431,Chiu,West,Male,33
5597,15796957,Iadanza,Central,Male,35
5598,15815552,Ferguson,West,Female,42
5599,15631871,Kelly,East,Female,57
5600,15635870,She,East,Female,50
5601,15596713,Christie,West,Male,37
5602,15684211,Creel,Central,Female,44
5603,15760521,Thompson,West,Female,50
5604,15608408,Lazareva,Central,Male,39
5605,15804721,Boni,West,Male,49
5606,15730272,Evseev,West,Male,58
5607,15741988,Marino,East,Female,52
5608,15771728,Mackenzie,East,Male,41
5609,15605113,Sutherland,West,Female,27
5610,15661945,Nicolay,Central,Female,40
5611,15783816,Lori,West,Female,28
5612,15721207,Piazza,East,Male,42
5613,15764072,Somerville,West,Female,31
5614,15689412,Christie,West,Female,32
5615,15798385,Grave,Central,Female,46
5616,15775339,Lori,West,Female,29
5617,15585256,Iloerika,Central,Male,26
5618,15797329,Muir,West,Male,43
5619,15780220,Pauley,West,Male,38
5620,15648951,Kao,Central,Male,41
5621,15752409,Grant,West,Male,31
5622,15807524,Chukwuma,West,Female,44
5623,15766649,Vincent,West,Male,38
5624,15696812,Lazareva,Central,Male,42
5625,15581295,Ch'ien,Central,Female,45
5626,15663234,Bishop,West,Female,60
5627,15741417,Chibuzo,Central,Female,35
5628,15695174,Chang,West,Male,29
5629,15665168,Calabrese,East,Female,44
5630,15601503,Tokaryev,Central,Male,28
5631,15706131,Logan,Central,Female,37
5632,15782758,Ozerova,West,Male,40
5633,15591091,Goering,West,Male,44
5634,15715877,Lo,West,Male,28
5635,15756918,Simmons,West,Female,38
5636,15746662,Maduabuchim,Central,Female,27
5637,15626679,Linger,West,Male,33
5638,15793343,Yeh,West,Female,29
5639,15576774,Stevenson,West,Female,38
5640,15801316,Ifeatu,West,Male,61
5641,15800514,Kenechukwu,East,Female,24
5642,15662232,Learmonth,East,Male,42
5643,15737778,Dickson,Central,Female,41
5644,15782096,Volkova,Central,Female,36
5645,15783522,Mitchell,Central,Female,37
5646,15785373,Wong,Central,Female,42
5647,15756272,James,East,Female,35
5648,15615245,Shao,West,Male,19
5649,15600174,Walton,West,Male,35
5650,15752956,Stanley,Central,Male,29
5651,15644882,Watson,East,Female,36
5652,15766272,Folliero,East,Female,61
5653,15800620,Fitzgerald,West,Female,29
5654,15569764,Garner,East,Female,41
5655,15747458,Folliero,Central,Female,43
5656,15573171,Liao,Central,Male,63
5657,15736769,Lucchesi,West,Female,27
5658,15763381,Chan,West,Male,30
5659,15814430,Ma,Central,Male,41
5660,15638607,Nwabugwu,West,Female,52
5661,15737133,P'eng,Central,Male,68
5662,15613945,Andrews,West,Female,26
5663,15659937,Otutodilinna,West,Female,40
5664,15765287,Grant,West,Female,38
5665,15661723,Abramovich,Central,Male,71
5666,15766064,Komarova,West,Male,33
5667,15649616,Otutodilichukwu,Central,Male,60
5668,15719017,Donaldson,West,Female,34
5669,15720919,Duggan,West,Male,42
5670,15706706,Chinwendu,East,Male,33
5671,15709653,Hamilton,West,Male,32
5672,15805104,Smith,West,Female,73
5673,15622442,Mazzi,West,Male,29
5674,15572801,Krischock,Central,Male,34
5675,15767598,Kent,Central,Male,28
5676,15757897,Binder,West,Female,26
5677,15568104,Zubarev,West,Female,26
5678,15763414,Degtyarev,East,Male,32
5679,15732265,Obialo,West,Male,33
5680,15621974,Davydova,East,Female,33
5681,15803947,Teng,East,Female,30
5682,15720706,Hsing,Central,Female,39
5683,15759290,Coleman,Central,Male,29
5684,15651664,Wilder,West,Female,61
5685,15795132,Molineux,West,Female,25
5686,15811565,Cocci,Central,Female,47
5687,15713774,Chikwendu,Central,Female,46
5688,15691840,Fraser,East,Female,37
5689,15682021,Lai,East,Male,23
5690,15612931,Korovin,Central,Female,50
5691,15676707,Sidorov,Central,Female,39
5692,15601383,Ibrahimova,Central,Male,44
5693,15662662,Duigan,West,Female,30
5694,15752694,Taylor,West,Female,32
5695,15590683,Donaldson,West,Female,31
5696,15773591,Jobson,West,Male,46
5697,15723620,Lu,West,Male,41
5698,15671779,Nebechi,West,Male,39
5699,15672966,Cross,Central,Female,64
5700,15624667,Wallace,West,Male,35
5701,15812888,Perreault,West,Male,41
5702,15724154,Manna,East,Female,49
5703,15749540,Hsiung,West,Male,36
5704,15621063,Gibbons,West,Female,42
5705,15661626,Algeranoff,East,Female,45
5706,15698703,Doherty,East,Male,40
5707,15801431,Rowe,Central,Female,48
5708,15649451,Yates,West,Male,25
5709,15626156,Galloway,West,Female,60
5710,15606158,Genovese,West,Female,39
5711,15589496,Arrington,West,Male,34
5712,15730345,Miah,West,Female,35
5713,15572038,Chijindum,East,Male,35
5714,15643439,Ferguson,West,Male,47
5715,15604158,Smith,West,Female,39
5716,15657396,Marshall,West,Male,31
5717,15709478,P'an,East,Male,37
5718,15628824,Burton,West,Female,37
5719,15814519,Kamdibe,West,Female,37
5720,15636520,Milani,West,Male,27
5721,15794414,Forbes,Central,Male,46
5722,15643671,Chiekwugo,East,Male,49
5723,15700650,Cousens,West,Male,34
5724,15680224,Ross,West,Female,26
5725,15784286,Wood,Central,Male,40
5726,15693996,Hawks,West,Female,33
5727,15764343,T'ien,Central,Female,46
5728,15704168,Ting,East,Male,38
5729,15680197,Thynne,West,Male,41
5730,15633729,Wang,West,Male,43
5731,15577683,Maclean,West,Female,29
5732,15800746,Watson,West,Male,45
5733,15788686,Gibson,Central,Male,40
5734,15742798,French,West,Female,22
5735,15596647,Henderson,West,Male,54
5736,15756070,Greenwood,Central,Female,44
5737,15775116,Anderson,West,Male,31
5738,15575428,Mistry,East,Female,35
5739,15654074,Tuan,West,Male,38
5740,15695872,Fiorentini,West,Female,30
5741,15568885,Scott,East,Female,34
5742,15725036,Jideofor,West,Male,42
5743,15632665,Yevseyev,West,Male,61
5744,15571476,Kelly,Central,Male,38
5745,15776850,Smith,Central,Female,43
5746,15623649,Ogle,Central,Male,32
5747,15751131,Moss,Central,Female,41
5748,15688128,Loggia,Central,Male,34
5749,15678412,Nwankwo,West,Female,45
5750,15770291,Allan,West,Female,29
5751,15583392,Woronoff,East,Male,37
5752,15690731,Wolfe,West,Male,40
5753,15697948,Henderson,Central,Female,36
5754,15608328,Sutherland,Central,Female,41
5755,15766378,Marsden,East,Female,45
5756,15600813,Hyde,West,Male,50
5757,15706217,Kao,East,Male,28
5758,15601417,T'ang,West,Male,32
5759,15610972,Crawford,East,Female,44
5760,15674620,Dilibe,East,Female,37
5761,15785350,Austin,Central,Male,23
5762,15749119,Santiago,West,Female,31
5763,15756535,Chibugo,East,Male,39
5764,15700965,Toscano,West,Female,32
5765,15791851,Afanasyeva,West,Female,34
5766,15717156,Sokolov,West,Male,30
5767,15740846,Wei,West,Male,40
5768,15573284,Olisanugo,West,Female,45
5769,15729083,Gorman,West,Male,36
5770,15611612,Priestley,West,Female,29
5771,15694381,Lloyd,West,Male,51
5772,15651737,Salmond,Central,Male,44
5773,15663168,MacDonald,West,Male,35
5774,15643426,Robertson,Central,Female,36
5775,15618245,Chukwumaobim,East,Male,31
5776,15717527,Ifeanacho,West,Female,49
5777,15793478,Li Fonti,East,Female,39
5778,15642248,Ko,Central,Male,66
5779,15640377,Goloubev,West,Female,36
5780,15723950,Kruglov,Central,Male,40
5781,15590327,Liao,East,Female,42
5782,15706199,White,East,Male,36
5783,15671514,Sinclair,Central,Female,33
5784,15727041,Fiorentini,West,Male,71
5785,15738063,Shen,West,Male,29
5786,15711733,Rapuokwu,West,Male,48
5787,15652320,Woronoff,West,Male,40
5788,15634180,Holden,East,Male,26
5789,15694566,Roberts,West,Female,42
5790,15726103,Tsou,East,Female,55
5791,15646351,Somerville,Central,Male,27
5792,15730044,Greco,East,Female,42
5793,15795186,Leonard,West,Male,38
5794,15784890,McKenzie,Central,Female,32
5795,15694125,McElhone,West,Male,57
5796,15565891,Dipietro,West,Male,39
5797,15674254,Kerr,Central,Female,45
5798,15775206,Hunter,West,Male,37
5799,15797627,Niehaus,Central,Male,54
5800,15649853,Craig,West,Female,45
5801,15610379,Barclay-Harvey,West,Male,30
5802,15659800,Teng,Central,Female,50
5803,15716236,Milani,West,Male,35
5804,15672053,Mistry,Central,Male,38
5805,15663933,Jamieson,East,Female,35
5806,15814236,Kay,Central,Female,38
5807,15583597,Ikedinachukwu,Central,Male,47
5808,15607395,Holt,West,Female,33
5809,15694556,Nkemakolam,West,Male,60
5810,15744109,Hartung,West,Male,32
5811,15800688,Ch'en,Central,Female,42
5812,15810878,Baker,Central,Female,38
5813,15587835,Osinachi,West,Male,41
5814,15763515,Shih,West,Male,30
5815,15725882,Feng,East,Female,40
5816,15788022,Sternberg,East,Female,41
5817,15663917,Adams,West,Male,43
5818,15656865,Gray,East,Male,69
5819,15667971,Shepherd,East,Female,34
5820,15800366,Walton,West,Male,29
5821,15717231,Yang,East,Male,37
5822,15643188,Barnett,East,Female,47
5823,15671351,Romani,Central,Male,35
5824,15573628,Greene,East,Female,51
5825,15698953,Hart,Central,Male,36
5826,15753888,Johnston,Central,Female,62
5827,15737961,Miller,East,Female,29
5828,15801701,Robson,Central,Male,35
5829,15684419,Wallace,Central,Female,37
5830,15794266,Cross,West,Male,32
5831,15810711,Marcum,East,Male,37
5832,15771270,North,West,Female,27
5833,15607786,Mao,West,Male,26
5834,15624519,Calabrese,East,Female,49
5835,15799910,Martin,West,Male,32
5836,15602479,Fleming,Central,Male,37
5837,15617419,Roberts,East,Female,29
5838,15657603,Finch,West,Female,35
5839,15570379,Whitelegge,Central,Male,51
5840,15772996,Rooke,East,Male,40
5841,15729574,Lu,Central,Male,71
5842,15737267,Marcelo,West,Female,49
5843,15799128,Matthews,Central,Female,38
5844,15813327,Romani,West,Male,21
5845,15711921,Scott,West,Male,29
5846,15654300,Mao,East,Male,33
5847,15569945,Horsley,Central,Male,29
5848,15569666,Goddard,West,Female,45
5849,15681887,Eskridge,East,Male,33
5850,15608873,Smith,West,Male,51
5851,15762091,Simpson,East,Female,22
5852,15722053,Oguejiofor,Central,Male,33
5853,15782100,Holloway,Central,Male,22
5854,15765300,L?,East,Male,40
5855,15743570,Feng,West,Female,34
5856,15608541,Claiborne,West,Male,46
5857,15750671,Egobudike,Central,Male,31
5858,15813659,Folliero,West,Female,56
5859,15757867,Bray,West,Female,30
5860,15652914,Ibrahimov,Central,Male,38
5861,15723818,Carpenter,West,Female,37
5862,15713819,Walsh,West,Male,48
5863,15656484,Woods,West,Male,40
5864,15778515,Wu,West,Male,40
5865,15803840,Forbes,West,Female,32
5866,15735339,Lynch,West,Male,39
5867,15600392,Amaechi,West,Female,53
5868,15625740,Enriquez,East,Male,62
5869,15663817,Y?an,West,Male,46
5870,15734461,Brooks,East,Male,31
5871,15780142,Wang,West,Male,43
5872,15709920,Burke,West,Female,33
5873,15684248,Meng,Central,Male,21
5874,15643158,Chiganu,West,Female,40
5875,15693902,Hunt,West,Male,19
5876,15578307,Lucchese,West,Female,33
5877,15585379,Humphries,West,Male,39
5878,15758510,Frolova,West,Male,26
5879,15692918,Hsing,East,Male,36
5880,15705301,Parkes,West,Male,41
5881,15718231,Gregory,West,Male,28
5882,15567991,Obiuto,Central,Male,31
5883,15772650,Longo,West,Male,55
5884,15574795,Lombardo,West,Female,38
5885,15706036,Lombardo,East,Male,38
5886,15723856,Gonzalez,West,Female,29
5887,15812920,Nwabugwu,East,Male,40
5888,15691287,Ford,East,Female,33
5889,15804797,Gilleland,West,Female,54
5890,15708650,Fullwood,West,Female,31
5891,15712777,Kao,West,Male,38
5892,15786469,Montalvo,West,Female,34
5893,15669219,Wilson,East,Male,35
5894,15641004,Doyne,Central,Female,48
5895,15648067,Onwuamaeze,West,Male,39
5896,15704014,K'ung,East,Male,37
5897,15645136,O'Donnell,Central,Male,30
5898,15709604,McMillan,West,Male,23
5899,15713637,Chinedum,West,Male,34
5900,15793901,Capon,West,Female,27
5901,15569759,Rawling,West,Female,27
5902,15712930,Duncan,West,Male,42
5903,15586504,Trevisani,West,Male,40
5904,15677317,Ankudinova,West,Female,29
5905,15664270,Balsillie,East,Male,45
5906,15731519,Kerr,West,Female,30
5907,15745623,Worsnop,West,Male,32
5908,15813862,Yevseyev,Central,Male,66
5909,15641934,Manna,Central,Female,46
5910,15713043,Siciliani,West,Female,33
5911,15700749,Powell,West,Female,39
5912,15697567,Bazarova,West,Male,33
5913,15715414,White,West,Female,38
5914,15639530,Buda,Central,Male,42
5915,15726058,Cattaneo,East,Male,27
5916,15725665,Lo,West,Male,47
5917,15698872,Brown,Central,Female,39
5918,15812184,Rose,West,Female,31
5919,15742609,Lombardo,East,Male,28
5920,15815043,McMillan,Central,Male,49
5921,15640648,Howe,West,Male,36
5922,15627203,Hsu,Central,Male,54
5923,15786196,Han,West,Female,44
5924,15612095,Calabrese,West,Female,48
5925,15674368,Riley,West,Female,39
5926,15783477,Biryukov,East,Female,39
5927,15757559,Broadhurst,West,Female,53
5928,15591036,Genovesi,East,Female,43
5929,15761241,Hsieh,East,Female,36
5930,15695078,Kemp,West,Male,32
5931,15645744,Chukwudi,West,Female,30
5932,15566988,Iqbal,East,Female,46
5933,15749300,Teng,West,Female,47
5934,15594340,Tao,West,Male,41
5935,15607065,Chinedum,West,Male,34
5936,15778089,Stevenson,Central,Male,37
5937,15773723,Duncan,Central,Female,22
5938,15697035,Garrett,Central,Female,31
5939,15679668,Yao,Central,Male,38
5940,15709861,He,East,Male,30
5941,15791958,Mazzi,West,Female,41
5942,15791030,Edwards,West,Female,33
5943,15695339,Lucchesi,East,Male,53
5944,15658813,Siciliani,West,Female,55
5945,15715709,Shih,East,Male,43
5946,15722533,Logue,West,Female,40
5947,15683118,Rechner,West,Male,32
5948,15672798,O'Brien,West,Female,45
5949,15680112,Stewart,East,Female,35
5950,15714575,Batt,East,Female,44
5951,15806808,Hope,East,Female,57
5952,15590637,Ahmed,West,Male,41
5953,15657535,Pearson,Central,Male,29
5954,15696141,Kruglov,Central,Female,31
5955,15811947,Gordon,West,Male,33
5956,15649024,Trujillo,West,Female,39
5957,15594928,Pagnotto,East,Female,38
5958,15765532,Horton,East,Male,76
5959,15741719,DeRose,West,Female,40
5960,15665629,Chiang,Central,Female,33
5961,15728917,Gill,West,Male,48
5962,15762993,Trevisano,Central,Male,32
5963,15571193,Morrison,East,Male,42
5964,15653521,Onuora,East,Female,40
5965,15802220,Ikenna,Central,Male,35
5966,15644132,Mancini,West,Female,30
5967,15600832,Moss,West,Female,43
5968,15797919,Ting,Central,Male,37
5969,15603743,Tai,West,Male,28
5970,15579714,Pan,West,Female,29
5971,15634295,Wilson,West,Male,35
5972,15786680,Bianchi,Central,Male,37
5973,15623499,Holman,East,Male,49
5974,15691823,Obidimkpa,West,Male,37
5975,15809279,Wallace,West,Male,45
5976,15758039,Ash,West,Male,44
5977,15807163,Ku,West,Female,38
5978,15631639,Uspensky,West,Female,40
5979,15713770,Shih,Central,Male,41
5980,15698167,Kumm,West,Female,24
5981,15781710,Carey,Central,Female,31
5982,15801296,Farber,East,Female,37
5983,15704378,Calabrese,East,Male,37
5984,15767891,Findlay,East,Female,28
5985,15640667,Yu,West,Female,41
5986,15702145,Edments,Central,Male,33
5987,15679738,Brown,Central,Female,35
5988,15636634,Lindon,East,Female,25
5989,15809227,Chukwudi,West,Male,35
5990,15601811,Caldwell,West,Female,53
5991,15625494,Li Fonti,West,Female,32
5992,15723737,Pitcher,West,Male,27
5993,15682955,Capon,West,Female,32
5994,15758856,Kable,West,Male,45
5995,15746065,Lo Duca,East,Male,35
5996,15783865,Kulikova,West,Male,59
5997,15745455,Navarrete,East,Male,62
5998,15583033,Huguley,West,Female,20
5999,15644212,Han,Central,Male,28
6000,15735688,Horsley,West,Female,31
6001,15658577,Massie,West,Female,37
6002,15606887,Singh,West,Female,30
6003,15783026,H?,West,Female,41
6004,15579892,Doyle,Central,Male,19
6005,15802088,Grant,Central,Female,22
6006,15589323,Law,West,Female,24
6007,15636395,King,West,Female,31
6008,15712772,Onwubiko,West,Male,28
6009,15700937,Romano,Central,Female,24
6010,15766659,Okwudilichukwu,Central,Male,33
6011,15814033,Milano,Central,Male,38
6012,15783007,Parker,East,Female,45
6013,15654183,Aitken,West,Female,26
6014,15609899,Obiora,Central,Male,37
6015,15747323,Vasilyeva,Central,Male,48
6016,15582591,Chiabuotu,Central,Male,59
6017,15738835,Slater,East,Male,38
6018,15782404,Hughes,West,Female,34
6019,15697480,Menkens,West,Male,30
6020,15697045,Pisani,Central,Female,35
6021,15781234,Y?an,West,Female,35
6022,15579891,Milani,West,Male,52
6023,15805690,Chin,Central,Female,35
6024,15612139,Fu,West,Female,33
6025,15568834,Howells,Central,Male,27
6026,15709917,Ni,West,Female,46
6027,15718843,Maslova,Central,Male,41
6028,15799494,Forster,East,Male,44
6029,15673439,Sun,Central,Female,50
6030,15669011,Bocharova,West,Female,44
6031,15581388,Y?an,Central,Male,33
6032,15743153,Singh,East,Female,40
6033,15579787,Nkemakonam,West,Male,39
6034,15759966,Chiemenam,Central,Female,36
6035,15601045,Angelo,Central,Male,37
6036,15764021,Frolov,West,Male,34
6037,15687218,West,West,Female,27
6038,15626452,Beatham,Central,Male,32
6039,15700964,Pollard,East,Female,27
6040,15768887,Hsing,Central,Male,26
6041,15735358,Dowse,Central,Male,46
6042,15749472,Lucciano,West,Male,45
6043,15685872,Godfrey,West,Female,29
6044,15760851,Gratton,West,Male,31
6045,15734588,Manning,West,Male,46
6046,15784594,Mazzi,East,Female,37
6047,15606435,Wall,East,Male,69
6048,15790247,Sims,Central,Male,40
6049,15676433,Allan,West,Female,36
6050,15625905,Griffen,Central,Male,41
6051,15626414,Russell,West,Male,44
6052,15623220,Brown,Central,Female,45
6053,15752857,Palerma,East,Male,52
6054,15677908,Gilbert,Central,Male,42
6055,15773013,Uvarov,West,Female,47
6056,15623972,Wisdom,East,Female,23
6057,15738627,Hussain,West,Male,25
6058,15643392,Woods,West,Male,31
6059,15684868,Cameron,East,Male,56
6060,15627854,Mai,Central,Male,44
6061,15669253,Gibson,Central,Male,39
6062,15758023,Grigoryeva,East,Male,47
6063,15574558,Gunter,Central,Male,32
6064,15635256,Arcuri,West,Male,31
6065,15680399,Tung,West,Male,23
6066,15674720,Smith,East,Female,37
6067,15580249,Lori,West,Male,45
6068,15675431,Chidimma,West,Female,34
6069,15698285,Ting,West,Female,41
6070,15810775,Tsao,Central,Male,52
6071,15678173,Collee,Central,Male,35
6072,15665222,Lettiere,Central,Male,52
6073,15803908,Fu,West,Male,45
6074,15586039,Bergamaschi,East,Female,36
6075,15802570,Dyer,West,Female,45
6076,15781451,Buccho,West,Male,42
6077,15721019,Jones,West,Female,24
6078,15738588,Nebechi,East,Female,37
6079,15730657,Ibekwe,West,Female,41
6080,15739292,Gorshkov,East,Male,31
6081,15725945,Nweke,Central,Female,42
6082,15813159,Hairston,West,Male,52
6083,15636820,Loggia,East,Male,40
6084,15603880,Morgan,East,Male,38
6085,15619494,Abdulov,East,Female,31
6086,15596992,Norris,East,Male,45
6087,15735025,Clark,Central,Male,37
6088,15730759,Chukwudi,West,Female,27
6089,15752912,Perkin,West,Female,30
6090,15711316,Ch'ang,West,Male,27
6091,15738785,Kang,West,Male,26
6092,15777896,Chukwudi,East,Female,33
6093,15628963,Frolova,East,Male,43
6094,15742126,Chiu,East,Male,38
6095,15575623,Simpson,West,Female,31
6096,15741652,McLean,Central,Male,37
6097,15738884,Hu,East,Male,41
6098,15615050,Savage,East,Male,47
6099,15803005,Wallace,East,Female,57
6100,15743498,Winter,East,Male,52
6101,15720463,Ho,West,Male,30
6102,15588695,Su,Central,Male,32
6103,15665802,Li Fonti,Central,Female,36
6104,15571144,Ives,West,Male,28
6105,15750731,Trevisani,East,Male,50
6106,15605134,Bond,West,Female,34
6107,15626044,Lettiere,East,Male,28
6108,15737910,Houghton,East,Male,35
6109,15761076,Lei,West,Male,41
6110,15710105,Stirling,East,Female,26
6111,15577402,Grant,West,Male,31
6112,15803337,Baresi,West,Male,23
6113,15654372,Pearce,East,Male,34
6114,15585867,Rutledge,Central,Male,36
6115,15662488,Udegbunam,West,Female,44
6116,15604813,Zaytseva,West,Male,40
6117,15611644,Onyemauchechukwu,West,Male,73
6118,15674928,Mullah,Central,Male,37
6119,15656100,Candler,West,Female,49
6120,15764293,Konovalova,West,Male,33
6121,15636423,Lei,West,Male,40
6122,15607629,Hollis,West,Male,48
6123,15577313,Lionel,West,Male,44
6124,15714493,Francis,Central,Female,33
6125,15643359,Carter,Central,Male,32
6126,15687913,Mai,East,Female,34
6127,15790935,Johnson,West,Female,29
6128,15708693,Sherman,West,Female,33
6129,15672016,Sabbatini,West,Male,35
6130,15727605,Shih,East,Male,43
6131,15651144,Yao,East,Female,35
6132,15749401,Ko,West,Male,60
6133,15691874,Kazakova,West,Female,34
6134,15620735,Chiganu,East,Female,33
6135,15769781,Nucci,Central,Female,25
6136,15624611,Marsden,Central,Male,37
6137,15773071,Serena,Central,Female,33
6138,15720371,McLean,West,Female,51
6139,15717984,Longo,West,Male,47
6140,15806407,Wilson,West,Female,37
6141,15785042,Hsiung,West,Female,31
6142,15809302,Wright,West,Male,24
6143,15677550,Folliero,West,Female,38
6144,15654096,Johnston,East,Female,24
6145,15617320,Palermo,Central,Female,46
6146,15653065,Nwabugwu,Central,Female,22
6147,15649112,Endrizzi,Central,Female,33
6148,15690526,Tuan,East,Male,31
6149,15806945,Udobata,West,Female,30
6150,15670066,Ibezimako,Central,Male,34
6151,15625761,Maclean,East,Male,41
6152,15761525,Shaw,Central,Female,31
6153,15735080,Cummins,West,Female,64
6154,15619537,Lavrentiev,West,Male,31
6155,15598162,Saunders,East,Female,39
6156,15694300,Fiorentino,West,Male,26
6157,15637235,Knight,Central,Male,33
6158,15612444,Manfrin,West,Male,29
6159,15626457,Zetticci,West,Male,31
6160,15627995,Angelo,East,Female,26
6161,15706128,Zhdanov,West,Female,21
6162,15666430,Peck,West,Male,38
6163,15627385,Uwaezuoke,West,Male,34
6164,15581323,White,East,Female,28
6165,15608109,Greco,East,Male,58
6166,15801942,Chu,Central,Female,41
6167,15567431,Kodilinyechukwu,West,Male,64
6168,15810167,Scott,Central,Male,75
6169,15644501,Enyinnaya,West,Female,26
6170,15785290,Hao,West,Male,29
6171,15611157,McElhone,West,Female,32
6172,15673837,Ko,Central,Male,61
6173,15656822,Day,East,Male,43
6174,15580560,Harris,West,Female,73
6175,15760641,Gerald,East,Male,26
6176,15587584,Nebeuwa,Central,Male,31
6177,15604146,Kaodilinakachukwu,East,Female,38
6178,15813974,Maruff,East,Male,37
6179,15746986,Howe,East,Female,40
6180,15759741,Knepper,East,Female,34
6181,15734892,Fennell,Central,Male,37
6182,15797194,T'ao,West,Male,39
6183,15723786,Morris,West,Female,37
6184,15642726,Holmes,West,Male,53
6185,15664339,Yu,Central,Male,48
6186,15754526,Walker,East,Male,36
6187,15703037,Edwards,West,Male,37
6188,15751412,Harvey,West,Male,36
6189,15609558,McDonald,East,Female,47
6190,15572408,Chambers,East,Male,39
6191,15613923,Reed,Central,Female,43
6192,15747000,Shih,West,Male,27
6193,15731781,Onyemachukwu,West,Male,43
6194,15727198,Teng,East,Female,28
6195,15794273,Hand,West,Female,56
6196,15804950,Onyemauchechukwu,West,Female,41
6197,15576304,Bailey,West,Male,29
6198,15645200,Chiang,East,Female,54
6199,15779627,Maclean,East,Male,31
6200,15750755,Yobachi,Central,Female,33
6201,15569654,Munro,East,Female,31
6202,15753079,Chidi,West,Male,41
6203,15684995,Chamberlain,Central,Male,49
6204,15790763,Trujillo,Central,Female,49
6205,15766458,Tang,West,Male,33
6206,15616221,Wilson,West,Female,29
6207,15776124,Mann,Central,Male,51
6208,15665811,Parry,West,Male,33
6209,15729804,Manfrin,West,Male,34
6210,15714062,Millar,West,Female,40
6211,15592197,Simmons,Central,Male,30
6212,15793116,Beneventi,East,Female,40
6213,15638231,Chung,Central,Female,62
6214,15697678,Maxwell,East,Male,36
6215,15800412,Dale,East,Male,35
6216,15597610,Stevens,Central,Male,41
6217,15726634,Wei,West,Male,47
6218,15670866,Chiu,West,Male,31
6219,15667462,Duncan,Central,Male,43
6220,15662574,Brady,Central,Male,37
6221,15716926,Macleod,West,Male,33
6222,15603554,Berkeley,West,Female,45
6223,15716800,Kaur,West,Male,31
6224,15679429,Bell,West,Male,32
6225,15616122,Nwokike,West,Male,39
6226,15742172,Williamson,East,Male,32
6227,15792305,Mountgarrett,East,Male,46
6228,15636016,Wreford,West,Female,34
6229,15733138,Paterson,East,Male,42
6230,15669741,Hou,West,Male,36
6231,15616954,Smith,West,Male,71
6232,15729238,Peng,East,Male,48
6233,15718242,Wollstonecraft,East,Female,47
6234,15682914,Bolton,West,Male,34
6235,15654274,Corrie,West,Male,37
6236,15691457,Boyle,Central,Male,36
6237,15719649,Lambie,West,Male,38
6238,15778897,Cartwright,West,Female,28
6239,15589437,Lu,West,Male,26
6240,15682369,Pisano,West,Male,47
6241,15626507,Chukwubuikem,West,Male,27
6242,15571995,Harper,East,Female,33
6243,15673333,Wilson,East,Male,52
6244,15748752,Ch'in,East,Male,33
6245,15725302,Streeton,Central,Female,20
6246,15722083,Ch'ang,Central,Male,39
6247,15771442,Pennington,West,Male,40
6248,15803633,T'ien,West,Female,46
6249,15672185,Liu,West,Male,47
6250,15806486,Cunningham,West,Female,48
6251,15570895,Ch'in,West,Male,42
6252,15614520,Smith,West,Female,37
6253,15687492,Anderson,East,Male,32
6254,15675337,Forbes,East,Female,34
6255,15721047,Ansell,East,Male,37
6256,15589017,Chiu,East,Male,55
6257,15611186,Yevdokimova,West,Male,37
6258,15617301,Chamberlin,East,Male,36
6259,15726046,Johnston,West,Female,27
6260,15585748,McDonald,East,Female,28
6261,15672826,Chen,West,Female,32
6262,15595162,Cattaneo,Central,Female,35
6263,15650026,Barclay-Harvey,West,Male,44
6264,15745826,Dawson,West,Male,37
6265,15708610,Costa,East,Male,44
6266,15624471,Chikwado,West,Male,37
6267,15590097,Ch'eng,Central,Female,33
6268,15689328,Harrison,East,Male,48
6269,15582154,Crawford,West,Female,45
6270,15734626,Gibson,Central,Female,36
6271,15702806,Martin,Central,Male,24
6272,15620756,Stokes,West,Male,49
6273,15611331,Niu,West,Female,46
6274,15576935,Ampt,Central,Male,43
6275,15661275,Wynn,East,Male,52
6276,15814940,Lawrence,Central,Female,33
6277,15768471,Wagner,East,Female,54
6278,15697391,Argyle,Central,Female,34
6279,15793346,Ofodile,West,Female,72
6280,15608338,Chiemenam,Central,Female,55
6281,15578546,Akobundu,East,Male,26
6282,15656921,Locke,West,Male,31
6283,15761340,Bullen,West,Male,22
6284,15591135,Forster,West,Male,37
6285,15623219,Smith,West,Male,33
6286,15655229,Craig,East,Female,35
6287,15805884,Archer,West,Female,41
6288,15668289,McWilliams,Central,Male,32
6289,15568562,Moss,West,Male,40
6290,15773276,Townsend,Central,Male,63
6291,15622801,Brown,West,Female,27
6292,15779886,Munson,Central,Male,24
6293,15713673,T'ien,West,Female,33
6294,15783083,Shubin,West,Male,27
6295,15742824,Isayeva,East,Male,42
6296,15621550,Hung,Central,Female,50
6297,15799480,Webb,West,Male,34
6298,15625247,Scott,West,Female,34
6299,15755241,Rahman,West,Female,52
6300,15575679,Lori,West,Male,24
6301,15668235,Cooke,West,Female,41
6302,15683183,Volkova,East,Female,45
6303,15684592,Lamb,Central,Male,42
6304,15591169,Hawes,East,Female,49
6305,15653455,Smith,West,Female,38
6306,15732563,Swanton,East,Female,33
6307,15656471,Mitchell,West,Male,33
6308,15598510,Colombo,East,Male,27
6309,15766427,Shaw,East,Male,52
6310,15785342,Shipp,West,Male,25
6311,15641595,Jonathan,Central,Male,43
6312,15798429,Hernandez,West,Male,29
6313,15648136,Green,East,Female,28
6314,15812482,Young,West,Male,27
6315,15790810,Han,West,Female,41
6316,15687421,Highland,Central,Male,67
6317,15765643,Hamilton,West,Male,37
6318,15654878,Yobanna,West,Male,29
6319,15686835,Crawford,East,Female,57
6320,15768340,Beavers,East,Female,19
6321,15673599,Williamson,Central,Male,32
6322,15689096,Beneventi,West,Male,47
6323,15684294,Chidumaga,West,Male,50
6324,15615828,Mitchell,West,Male,34
6325,15746012,Chibugo,Central,Female,28
6326,15615797,Hyde,East,Male,59
6327,15788494,Alekseeva,West,Male,31
6328,15793856,Abdulov,Central,Female,36
6329,15629545,Buckley,Central,Female,41
6330,15661198,Howard,East,Male,34
6331,15715117,Peel,West,Female,39
6332,15701074,Herz,East,Male,35
6333,15793046,Holden,West,Female,35
6334,15623744,McLean,West,Male,34
6335,15611329,Findlay,Central,Female,35
6336,15740428,Wyatt,West,Female,35
6337,15781534,Rapuluolisa,East,Female,35
6338,15618243,Buckland,Central,Female,43
6339,15784161,Hargreaves,East,Male,39
6340,15700325,Onyeoruru,West,Female,24
6341,15659064,Salas,Central,Male,37
6342,15658364,Laney,East,Female,40
6343,15704340,Fu,West,Female,37
6344,15793455,Tien,Central,Female,55
6345,15579777,Sazonova,West,Male,41
6346,15632345,Tuan,West,Female,35
6347,15814468,Wei,East,Male,50
6348,15754820,Bergamaschi,East,Male,35
6349,15707505,Taylor,Central,Male,31
6350,15699507,Messersmith,West,Female,25
6351,15799600,Coles,East,Male,48
6352,15794472,Brookes,West,Female,27
6353,15646632,Reid,West,Male,38
6354,15676353,Etheridge,West,Male,35
6355,15566312,Jolly,Central,Female,42
6356,15570414,Chizoba,Central,Male,41
6357,15776743,Eberegbulam,West,Male,43
6358,15674637,Pagnotto,West,Female,68
6359,15730418,Lucchesi,West,Female,32
6360,15739972,Hughes,East,Female,45
6361,15661591,Panicucci,East,Male,39
6362,15675585,Burns,East,Female,25
6363,15814750,Ricci,Central,Male,34
6364,15593454,Lambert,Central,Female,40
6365,15663421,Esposito,Central,Male,28
6366,15576196,Benson,Central,Female,48
6367,15677324,Botts,East,Male,73
6368,15568742,Parkes,West,Female,41
6369,15693764,Mai,Central,Male,52
6370,15714260,Castiglione,West,Female,38
6371,15798200,Manna,West,Male,35
6372,15656627,Lin,West,Male,34
6373,15791111,Fink,West,Female,47
6374,15638269,Baresi,West,Male,67
6375,15807473,Morehead,West,Male,38
6376,15708534,Afamefuna,Central,Female,64
6377,15640686,Greco,West,Male,46
6378,15588904,Balashova,West,Male,33
6379,15768763,Bogdanov,West,Male,37
6380,15770543,Lowe,West,Male,37
6381,15642162,Ponce,East,Male,35
6382,15714046,Trevisano,Central,Male,33
6383,15575060,Gardner,West,Male,24
6384,15812040,Lorenzo,West,Male,36
6385,15812073,Palmer,West,Female,31
6386,15706810,Zuyeva,East,Female,32
6387,15584090,Jen,Central,Female,40
6388,15810807,Alekseeva,West,Female,43
6389,15582033,Manfrin,East,Male,44
6390,15687607,Chiemenam,West,Female,30
6391,15588406,Chiemenam,Central,Female,37
6392,15784099,Clark,West,Female,38
6393,15701352,Fanucci,Central,Female,28
6394,15789371,Cattaneo,East,Female,41
6395,15602845,Udinesi,East,Male,41
6396,15707918,Bentley,East,Female,36
6397,15602812,Holmes,East,Female,44
6398,15675888,Austin,Central,Female,33
6399,15591822,Mackenzie,Central,Male,26
6400,15738501,Booth,East,Male,48
6401,15585907,Collier,Central,Female,30
6402,15579040,Hs?,West,Female,46
6403,15804211,Oluchukwu,West,Male,36
6404,15736126,Sung,East,Male,55
6405,15745399,Marino,Central,Female,49
6406,15760749,Vinogradov,Central,Male,41
6407,15637118,Burns,West,Male,33
6408,15657829,Fanucci,East,Male,30
6409,15738497,Chukwujamuike,Central,Male,44
6410,15690695,Flynn,West,Female,33
6411,15762351,Chao,Central,Female,63
6412,15791172,Yeh,East,Female,21
6413,15598982,Klein,East,Female,53
6414,15734765,Mahmood,West,Female,20
6415,15642912,Tu,West,Female,21
6416,15769516,Shcherbakov,West,Female,42
6417,15789379,Zetticci,West,Male,26
6418,15695103,Carr,Central,Male,37
6419,15801924,Browne,Central,Female,27
6420,15767804,Feng,West,Male,44
6421,15718039,Ferguson,East,Female,47
6422,15579994,Shaw,West,Male,23
6423,15595037,Palermo,West,Male,47
6424,15600720,Moore,Central,Male,41
6425,15782608,Huang,West,Male,43
6426,15566894,Gray,West,Male,39
6427,15749123,Sokolova,Central,Male,45
6428,15668943,Henderson,West,Male,37
6429,15577423,Mosley,East,Female,39
6430,15623102,Nnaemeka,Central,Male,38
6431,15728012,Everett,Central,Female,40
6432,15683363,Goddard,Central,Male,39
6433,15699335,Kuo,East,Female,33
6434,15574369,Bianchi,Central,Male,53
6435,15703167,Rouse,West,Female,45
6436,15754874,Nwoye,West,Male,26
6437,15723216,Greco,East,Male,33
6438,15725094,Fang,West,Female,37
6439,15647974,Chiemenam,West,Female,44
6440,15583371,Artemiev,Central,Male,37
6441,15772559,Burrows,West,Female,47
6442,15711251,Chizuoke,West,Male,45
6443,15719212,T'ien,West,Male,33
6444,15764927,Rogova,West,Male,92
6445,15731412,Trevisano,East,Female,37
6446,15719170,Sagese,West,Female,30
6447,15596011,Artyomova,Central,Male,34
6448,15614834,Long,Central,Female,31
6449,15600510,Hsueh,Central,Female,37
6450,15625706,White,East,Male,45
6451,15781409,Lazarev,West,Female,28
6452,15722583,Benjamin,Central,Female,29
6453,15677243,Wan,Central,Male,43
6454,15815070,Romano,East,Female,44
6455,15705899,Craig,Central,Male,35
6456,15701522,Yermolayeva,West,Female,29
6457,15755978,Tseng,West,Male,31
6458,15722090,Tseng,Central,Male,51
6459,15783526,Le Hunte,West,Male,36
6460,15632125,Blake,East,Male,45
6461,15688395,Lane,West,Male,29
6462,15666975,Sparks,West,Female,36
6463,15682211,Tu,West,Male,57
6464,15637411,Tochukwu,West,Male,30
6465,15591512,Whittaker,East,Female,33
6466,15606855,Wang,Central,Male,26
6467,15763683,Northern,East,Male,32
6468,15641782,Humphries,West,Female,31
6469,15677184,Cremonesi,West,Female,35
6470,15775042,Ku,West,Female,23
6471,15616630,Tobenna,East,Female,41
6472,15800233,Okwuadigbo,West,Female,40
6473,15588419,Johnston,East,Female,34
6474,15595557,Li,West,Male,22
6475,15626143,Talbot,West,Male,37
6476,15566030,Tu,East,Male,41
6477,15701412,T'ien,West,Male,40
6478,15702464,Ross,West,Female,34
6479,15573348,Maclean,West,Male,35
6480,15704160,Wan,Central,Male,49
6481,15693704,Tsou,West,Female,24
6482,15664752,Jack,East,Male,39
6483,15628292,Lucchesi,West,Male,32
6484,15621195,Ch'eng,East,Male,41
6485,15668629,Saunders,Central,Male,44
6486,15635197,Glover,East,Male,26
6487,15592761,Tung,West,Male,40
6488,15574283,Padovano,West,Male,31
6489,15598097,Johnstone,West,Male,44
6490,15711352,Endrizzi,West,Female,31
6491,15620751,Secombe,West,Male,34
6492,15656717,Elewechi,West,Female,30
6493,15643121,Chu,East,Female,35
6494,15723671,Lucciano,West,Male,35
6495,15752846,Pinto,West,Male,28
6496,15640852,McGregor,East,Female,39
6497,15789313,Ugorji,East,Female,44
6498,15793688,Bancks,West,Male,50
6499,15770405,Warlow-Davies,West,Female,27
6500,15702561,Dale,West,Male,32
6501,15625964,Buckley,West,Female,43
6502,15761364,Nkemjika,West,Male,30
6503,15590286,Fairley,West,Female,40
6504,15587978,Boothby,East,Female,37
6505,15773242,Chukwuhaenye,West,Male,32
6506,15761053,Lock,East,Male,48
6507,15702095,Clarke,Central,Female,56
6508,15764253,Ramsey,West,Male,32
6509,15700801,Eipper,East,Male,42
6510,15730590,Ko,East,Female,40
6511,15643916,Munro,Central,Male,46
6512,15720636,McGregor,West,Female,50
6513,15795429,Henderson,West,Male,24
6514,15609254,Fernandez,Central,Female,41
6515,15625141,Porter,Central,Male,26
6516,15810898,Pan,West,Female,65
6517,15775797,Esposito,Central,Female,32
6518,15795246,Kaeppel,East,Female,51
6519,15795275,Lamb,Central,Female,49
6520,15571869,Lei,East,Female,50
6521,15694143,Conti,West,Female,41
6522,15748231,Hargreaves,East,Male,35
6523,15632185,Yermolayev,West,Female,42
6524,15806249,Kerr,Central,Female,31
6525,15743293,Waters,East,Female,35
6526,15598157,Onyeorulu,West,Male,34
6527,15700946,Kolesnikova,West,Female,34
6528,15722692,Kazakova,West,Male,38
6529,15696506,MacDonald,Central,Male,27
6530,15728823,Sharwood,Central,Female,37
6531,15808851,Bufkin,East,Female,75
6532,15675231,Nwankwo,West,Female,45
6533,15732299,Boniwell,West,Male,67
6534,15706269,Willis,West,Female,47
6535,15590078,Burns,Central,Male,27
6536,15776985,Kung,West,Female,36
6537,15756743,Howells,West,Female,37
6538,15782364,Bevan,Central,Female,39
6539,15604093,Neitenstein,West,Male,34
6540,15749328,Johnson,West,Female,45
6541,15656322,Sandover,East,Male,33
6542,15685564,Nnamutaezinwa,Central,Male,35
6543,15785831,Sinclair,West,Male,35
6544,15796218,Wei,East,Male,29
6545,15716218,Higgins,West,Female,45
6546,15572735,Chang,Central,Male,27
6547,15633840,Henderson,West,Male,20
6548,15608760,Cox,West,Female,30
6549,15627848,Tsui,West,Male,38
6550,15792029,Lee,West,Male,32
6551,15617331,Sergeyeva,East,Female,39
6552,15651740,Napolitani,Central,Female,30
6553,15636407,Beatham,East,Female,34
6554,15607526,Lu,East,Male,50
6555,15632576,Yashina,West,Male,31
6556,15581505,Bales,West,Male,35
6557,15612207,Hill,East,Female,51
6558,15707242,Ibeamaka,Central,Male,40
6559,15721937,Romilly,West,Male,38
6560,15773852,Hayes,East,Male,38
6561,15719778,Chiu,West,Female,32
6562,15650538,Sun,East,Female,48
6563,15797475,Brennan,West,Male,44
6564,15780359,Storey,East,Male,25
6565,15737104,Lawson,East,Female,47
6566,15789936,T'ao,West,Female,33
6567,15709523,Yao,East,Female,30
6568,15593425,Bracewell,Central,Female,54
6569,15776725,Kerr,East,Male,54
6570,15604706,Blake,East,Male,38
6571,15790958,Sanders,Central,Male,38
6572,15747534,Torkelson,West,Male,46
6573,15574237,Hsueh,West,Female,21
6574,15690332,Wang,East,Male,35
6575,15661290,Hightower,East,Female,38
6576,15651883,Genovesi,East,Female,55
6577,15808905,Levan,West,Male,37
6578,15715532,Lai,East,Male,38
6579,15786078,Loginov,West,Female,28
6580,15652401,Lafleur,West,Female,36
6581,15673074,Obidimkpa,East,Female,30
6582,15598744,Ch'ang,East,Female,71
6583,15785975,Mason,Central,Female,60
6584,15613180,Miranda,East,Male,21
6585,15584229,Simon,East,Female,23
6586,15773804,Golubeva,West,Male,39
6587,15699515,Manfrin,East,Male,33
6588,15705313,Stange,West,Female,33
6589,15693817,Ferrari,Central,Male,28
6590,15673790,Taylor,East,Male,45
6591,15674868,Wei,Central,Female,30
6592,15692110,Ch'eng,West,Female,33
6593,15645904,Parsons,West,Female,33
6594,15581332,Pan,East,Female,30
6595,15808544,Cameron,West,Female,40
6596,15734948,Igwebuike,Central,Male,24
6597,15654531,Tuan,West,Male,22
6598,15637774,Fraser,West,Male,32
6599,15677141,Turnbull,Central,Male,29
6600,15739578,Chiazagomekpere,West,Male,49
6601,15697360,Yudina,West,Female,36
6602,15655213,Udinese,East,Female,51
6603,15580872,Chinweike,East,Female,38
6604,15683213,Bergamaschi,West,Female,35
6605,15801188,Milliner,West,Female,47
6606,15645029,Knowles,Central,Female,33
6607,15633181,Swinton,West,Male,31
6608,15598259,Gregory,East,Female,41
6609,15576000,Chibueze,West,Male,40
6610,15766047,Sukhorukova,West,Female,41
6611,15596339,French,West,Male,54
6612,15715199,Estrada,Central,Male,27
6613,15615938,Fleming,West,Female,64
6614,15679991,Kennedy,West,Female,28
6615,15626135,Combes,West,Male,34
6616,15792934,Carruthers,West,Male,26
6617,15744046,Andrejew,Central,Male,33
6618,15700826,Ko,East,Female,54
6619,15756301,Daniels,East,Female,29
6620,15586517,Toscano,West,Male,32
6621,15751297,Wilson,West,Male,36
6622,15710365,Thomson,West,Male,50
6623,15679307,Kazantseva,West,Female,43
6624,15610753,Cremonesi,West,Male,28
6625,15811036,Ferri,West,Male,46
6626,15610912,Ferri,Central,Female,41
6627,15619932,Lombardi,West,Male,66
6628,15746199,Eluemuno,West,Female,41
6629,15584967,Chiganu,Central,Male,57
6630,15734365,Hsueh,West,Male,39
6631,15726960,O'Brien,West,Female,36
6632,15665177,Booth,West,Male,44
6633,15779915,O'Loghlin,Central,Male,31
6634,15729110,Lavrov,Central,Female,42
6635,15575399,Somadina,West,Female,42
6636,15678374,Colombo,West,Female,59
6637,15792679,Troupe,West,Male,24
6638,15668767,Kenenna,West,Male,36
6639,15761886,Franklin,West,Male,36
6640,15583076,Deleon,East,Male,41
6641,15815615,Kung,West,Male,36
6642,15591942,Zito,Central,Female,33
6643,15724924,Giordano,West,Female,37
6644,15762123,Davide,Central,Female,34
6645,15567893,Lei,East,Male,33
6646,15648989,Moss,West,Male,37
6647,15662021,Lucciano,Central,Female,42
6648,15691627,Tai,West,Female,37
6649,15731751,Osinachi,West,Female,26
6650,15635277,Coates,Central,Male,47
6651,15655252,Larionova,East,Male,41
6652,15803941,Seleznev,West,Male,46
6653,15714380,Butcher,West,Male,38
6654,15666559,Gould,East,Male,23
6655,15799998,Cunningham,West,Female,30
6656,15703763,Sanderson,West,Male,44
6657,15795640,Mai,East,Female,35
6658,15780056,Reid,Central,Male,33
6659,15777873,Downer,West,Female,31
6660,15584749,Humphries,East,Male,39
6661,15765258,Bochsa,West,Female,29
6662,15623346,Czajkowski,West,Male,36
6663,15614054,Pankhurst,West,Male,36
6664,15766185,She,East,Male,31
6665,15667632,Birdseye,West,Female,42
6666,15599024,Hope,Central,Male,32
6667,15798709,Gill,Central,Male,32
6668,15741921,Moon,Central,Female,26
6669,15793671,Watt,West,Male,34
6670,15797900,Chinomso,West,Male,56
6671,15667932,Bellucci,Central,Female,43
6672,15795933,Barese,West,Female,49
6673,15660403,Fleming,Central,Female,35
6674,15736299,Bell,West,Female,36
6675,15759034,Li Fonti,West,Male,36
6676,15724663,Christmas,Central,Female,36
6677,15594556,Chuter,Central,Male,52
6678,15737169,Johnson,Central,Male,26
6679,15632472,Scott,Central,Female,32
6680,15722813,Byrne,Central,Male,30
6681,15588450,Chukwudi,West,Female,60
6682,15736717,Ma,West,Male,31
6683,15680683,Simmons,Central,Male,29
6684,15710316,Fang,Central,Female,48
6685,15746333,Blake,West,Female,57
6686,15606861,Tien,West,Male,34
6687,15641285,Yusupova,Central,Male,50
6688,15662908,Davidson,East,Male,38
6689,15814267,Zhdanova,West,Male,22
6690,15614923,Nielson,Central,Male,41
6691,15579223,Niu,East,Male,30
6692,15651389,Kay,Central,Male,24
6693,15677087,Green,West,Female,39
6694,15665784,She,West,Male,27
6695,15576706,Ajuluchukwu,East,Male,37
6696,15615473,Sabbatini,West,Female,33
6697,15587299,Board,West,Female,48
6698,15655389,Leckie,West,Male,41
6699,15784491,Ho,West,Female,31
6700,15809999,Gordon,West,Female,41
6701,15681115,Iroawuchi,Central,Male,39
6702,15629390,Liao,West,Male,37
6703,15792668,Hamilton,East,Male,37
6704,15583863,Chimaobim,East,Male,49
6705,15681878,Fan,East,Male,45
6706,15782875,Cayley,West,Male,33
6707,15732235,Kuykendall,West,Male,64
6708,15735909,McDonald,East,Female,39
6709,15653448,Duncan,West,Male,34
6710,15587647,Browne,East,Female,66
6711,15701037,Barton,West,Male,39
6712,15727499,Boyle,East,Female,36
6713,15724838,Moretti,West,Female,43
6714,15666711,Ukaegbulam,West,Female,46
6715,15588933,Nwankwo,West,Female,36
6716,15763111,Niu,Central,Female,67
6717,15805676,Hsu,Central,Male,29
6718,15586674,Shaw,Central,Female,58
6719,15744553,Ho,West,Male,34
6720,15776629,Christie,West,Female,39
6721,15647207,Onwuemelie,West,Male,26
6722,15715638,Ch'ang,East,Male,77
6723,15750602,Clendinnen,West,Male,29
6724,15766810,Onyemauchechi,East,Female,51
6725,15756625,Crawford,West,Female,41
6726,15639552,Mellor,East,Female,40
6727,15633213,Rizzo,Central,Male,50
6728,15610416,Christie,West,Female,36
6729,15715208,Watkins,East,Female,33
6730,15619608,Ojiofor,East,Female,50
6731,15628697,Tung,Central,Male,46
6732,15643826,McKay,West,Male,32
6733,15718588,Meng,West,Female,37
6734,15709741,Hussain,West,Male,28
6735,15723318,Mactier,West,Female,55
6736,15717328,Hsueh,West,Female,37
6737,15771299,Nnachetam,West,Female,57
6738,15706223,Barnes,Central,Male,38
6739,15612358,Christie,East,Male,35
6740,15769191,Lipton,West,Male,55
6741,15618816,Yu,East,Female,40
6742,15730810,Storey,Central,Male,44
6743,15783463,Read,West,Female,26
6744,15616213,Levy,East,Female,51
6745,15611287,Chiu,West,Female,30
6746,15786454,Moore,Central,Male,55
6747,15768682,Amies,Central,Male,39
6748,15766172,Tsao,West,Male,34
6749,15637646,Rowley,West,Male,31
6750,15653404,Aliyev,Central,Female,24
6751,15690546,Riley,West,Female,42
6752,15735636,Toscano,West,Female,53
6753,15605424,Oluchukwu,Central,Male,38
6754,15568449,Fu,Central,Male,38
6755,15688085,Warner,Central,Female,28
6756,15683483,Fleming,Central,Male,38
6757,15659567,Ch'iu,West,Female,39
6758,15766667,Langler,Central,Male,36
6759,15624975,Angelo,Central,Male,28
6760,15660878,T'ien,West,Male,92
6761,15586557,Milani,West,Male,41
6762,15746183,Pye,West,Female,27
6763,15631457,Asher,West,Male,37
6764,15754053,Chung,West,Female,67
6765,15645839,Yudin,West,Male,37
6766,15689955,Arcuri,West,Female,40
6767,15593510,Capon,East,Female,33
6768,15654964,Piccio,Central,Male,48
6769,15594039,Lung,Central,Male,42
6770,15625929,Trevisan,West,Female,44
6771,15815295,John,West,Female,38
6772,15621818,Anayolisa,East,Male,29
6773,15652700,Ritchie,West,Male,39
6774,15636860,Ch'eng,West,Male,43
6775,15569432,Macleod,West,Female,48
6776,15751455,Boyle,West,Female,48
6777,15800583,Chukwuemeka,Central,Female,43
6778,15770214,Bryant,West,Female,27
6779,15613463,Hackett,East,Female,50
6780,15587066,Kovaleva,West,Male,38
6781,15693752,Reed,West,Male,37
6782,15714874,Major,West,Female,42
6783,15657809,Lo,West,Male,55
6784,15651955,Hanson,West,Male,31
6785,15570912,Ogbonnaya,East,Female,32
6786,15640266,Windsor,Central,Male,41
6787,15652069,Calabrese,West,Male,30
6788,15596074,Keating,West,Male,37
6789,15800268,Costa,East,Male,37
6790,15809847,Tan,West,Male,46
6791,15599074,Ma,Central,Female,40
6792,15599591,Martin,East,Female,39
6793,15776096,Halpern,Central,Male,34
6794,15611669,Nyhan,East,Male,50
6795,15694098,Jackson,West,Female,54
6796,15713347,Reynolds,Central,Male,48
6797,15713094,Tai,West,Female,25
6798,15811978,Trevisani,East,Male,46
6799,15799925,Uwakwe,West,Male,60
6800,15692575,Kerr,West,Male,38
6801,15743149,Findlay,West,Female,35
6802,15776947,Ugorji,Central,Male,43
6803,15700656,Balashova,West,Male,32
6804,15594515,Cheng,West,Female,44
6805,15787884,Martin,West,Female,30
6806,15577988,Skinner,West,Female,35
6807,15795586,McDonald,West,Male,35
6808,15677739,Dellucci,West,Male,36
6809,15720134,Reynolds,East,Male,30
6810,15688868,Birdsall,West,Female,26
6811,15642996,Tsai,East,Female,42
6812,15771222,Oguejiofor,West,Female,42
6813,15605059,Mackie,East,Male,63
6814,15568088,Jamieson,East,Male,44
6815,15665943,Mai,West,Male,25
6816,15795571,Patterson,Central,Male,36
6817,15662243,Taylor,West,Male,50
6818,15593128,Vinogradoff,West,Female,56
6819,15589739,North,West,Male,41
6820,15787602,Carter,Central,Male,39
6821,15685019,Graham,West,Male,29
6822,15704209,Noble,West,Female,39
6823,15605264,Walker,East,Male,47
6824,15708265,Chibugo,Central,Female,24
6825,15740264,Yobachi,West,Male,38
6826,15615477,Ignatyeva,Central,Female,44
6827,15727361,Chiemela,West,Female,51
6828,15760216,Pokrovskaya,West,Female,49
6829,15806134,Storey,East,Male,34
6830,15601351,Moroney,West,Male,43
6831,15669262,Maslov,West,Male,43
6832,15696989,Chukwueloka,East,Female,52
6833,15688498,Chu,East,Female,21
6834,15686964,Spence,West,Female,34
6835,15625035,Mills,West,Male,50
6836,15618391,Doyle,West,Male,33
6837,15591344,Donnelly,Central,Male,42
6838,15605455,Tai,West,Male,40
6839,15680804,Abbott,West,Male,29
6840,15768282,Perez,East,Male,36
6841,15685826,Hsiung,West,Male,30
6842,15793491,Cherkasova,East,Male,26
6843,15797787,Denisov,West,Male,36
6844,15611171,Fowler,West,Male,33
6845,15601627,Siciliano,West,Male,33
6846,15734085,Crocker,East,Male,24
6847,15809309,Longo,Central,Female,40
6848,15809462,Polyakova,West,Male,30
6849,15634628,Brown,West,Female,33
6850,15775678,Uspensky,West,Female,44
6851,15579526,O'Meara,West,Male,42
6852,15779103,Cantamessa,East,Female,39
6853,15738715,Alexander,West,Female,37
6854,15593943,Chinagorom,West,Female,43
6855,15754574,Tomlinson,Central,Male,36
6856,15737814,Lo,West,Male,41
6857,15670889,Nwachukwu,West,Male,34
6858,15629299,Yang,East,Female,52
6859,15771569,Bage,East,Male,46
6860,15811927,Marcelo,West,Female,38
6861,15785654,Ofodile,East,Male,45
6862,15665524,Savage,Central,Male,41
6863,15736287,Piccio,West,Male,33
6864,15765732,Simmons,Central,Female,24
6865,15797381,DeRose,East,Female,48
6866,15598536,Onuchukwu,East,Female,26
6867,15664506,Goodwin,Central,Male,32
6868,15575619,Teakle,Central,Female,32
6869,15587394,Thomson,West,Male,39
6870,15654457,Cross,Central,Female,30
6871,15762793,Jones,East,Female,36
6872,15658067,Walker,East,Female,48
6873,15642816,De Salis,West,Female,27
6874,15693088,Oliver,West,Female,37
6875,15793883,Lo Duca,West,Male,28
6876,15665283,Brookes,West,Female,57
6877,15680421,Challis,West,Female,42
6878,15695148,Ibeabuchi,Central,Female,37
6879,15636592,Iroawuchi,West,Male,35
6880,15772618,Tyler,West,Male,25
6881,15724453,Fan,West,Male,23
6882,15565878,Bates,Central,Male,29
6883,15609160,Marsden,West,Male,32
6884,15678460,Dodgshun,West,Male,30
6885,15662571,Maclean,West,Male,35
6886,15606849,Blackall,West,Female,27
6887,15670738,Mazzanti,East,Male,45
6888,15662641,Amadi,West,Male,19
6889,15727539,Schoenheimer,West,Female,31
6890,15651020,Fiorentino,West,Female,25
6891,15673877,Murray,West,Male,39
6892,15760865,Fan,East,Female,48
6893,15705009,Cartwright,West,Female,56
6894,15657540,Cremonesi,West,Male,50
6895,15707441,White,Central,Male,26
6896,15694765,Sabbatini,East,Male,49
6897,15649086,Patterson,West,Male,42
6898,15650488,Bromley,West,Female,48
6899,15760924,Doherty,Central,Male,41
6900,15700263,Ifeatu,West,Male,66
6901,15806922,Bergamaschi,Central,Female,41
6902,15637522,Shubina,West,Female,31
6903,15636548,Lung,Central,Male,44
6904,15566891,Kinder,East,Female,41
6905,15627185,Terry,East,Male,29
6906,15754012,Shepherdson,West,Female,35
6907,15627514,Short,Central,Female,46
6908,15661433,Zetticci,West,Male,34
6909,15610653,Belov,Central,Female,38
6910,15667002,Knight,Central,Male,43
6911,15709199,Burson,Central,Female,40
6912,15710087,Nicholls,East,Female,54
6913,15679884,Hs?eh,West,Male,48
6914,15784180,Ku,West,Female,36
6915,15808849,T'ien,West,Male,40
6916,15751549,H?,East,Male,31
6917,15588235,Vasilieva,West,Female,24
6918,15640418,Omeokachie,East,Female,41
6919,15721116,Napolitano,Central,Male,24
6920,15599084,Hopwood,West,Male,33
6921,15773394,Bergamaschi,West,Male,38
6922,15625713,Lindeman,Central,Female,39
6923,15766417,McKinley,West,Female,60
6924,15622578,Sergeyev,West,Male,34
6925,15799924,Sanchez,Central,Male,43
6926,15618363,Muomelu,East,Male,29
6927,15637138,Murray,West,Male,34
6928,15781665,Ibekwe,West,Female,37
6929,15804853,McVey,West,Female,48
6930,15651627,White,East,Male,39
6931,15680685,Patterson,West,Male,30
6932,15808930,Mai,West,Female,37
6933,15570970,Han,West,Female,42
6934,15679961,Davidson,Central,Male,46
6935,15705458,Parkin,Central,Male,39
6936,15750396,McKissick,West,Male,33
6937,15679928,Horsfall,West,Female,31
6938,15711181,Clapp,West,Female,50
6939,15698324,Azikiwe,West,Female,33
6940,15807433,Zubarev,West,Female,43
6941,15636590,Pisano,West,Male,46
6942,15628950,Coates,East,Male,25
6943,15617206,Trentino,East,Male,42
6944,15603741,MacDonnell,Central,Male,40
6945,15742607,Ermakov,East,Male,36
6946,15747821,K?,East,Female,31
6947,15612043,Hammonds,West,Male,36
6948,15809558,Peppin,Central,Male,31
6949,15803750,Ball,Central,Female,33
6950,15704681,Yeh,East,Male,37
6951,15667392,L?,Central,Female,38
6952,15738889,Shih,West,Male,42
6953,15598838,Greco,West,Female,37
6954,15579109,Napolitano,East,Male,35
6955,15799042,Zaytseva,West,Male,38
6956,15697042,Genovesi,Central,Male,35
6957,15696605,Angelo,West,Male,49
6958,15802274,Waters,West,Female,44
6959,15596808,Maclean,Central,Male,33
6960,15705403,Seleznyova,Central,Female,46
6961,15732903,Fontenot,West,Male,39
6962,15581968,Reid,West,Female,33
6963,15683892,Fraser,East,Female,26
6964,15595447,Tuan,Central,Male,39
6965,15569249,Howarth,West,Female,55
6966,15656188,Davis,Central,Female,30
6967,15689661,Gorbunov,West,Male,22
6968,15644934,Gentry,West,Male,26
6969,15721793,Chiu,East,Female,50
6970,15687413,Sunderland,Central,Female,38
6971,15761286,Fan,East,Female,66
6972,15658240,Parry,West,Female,44
6973,15706232,Niu,West,Male,52
6974,15583394,Zuyev,East,Male,39
6975,15715643,Ijendu,West,Male,44
6976,15644856,Bird,Central,Male,38
6977,15785488,Palmer,Central,Female,39
6978,15711571,Y?,Central,Male,42
6979,15778604,Nicholson,West,Female,47
6980,15751180,Adams,West,Female,40
6981,15748360,Cocci,East,Female,34
6982,15770039,Kuo,East,Male,39
6983,15685096,Trevisani,West,Female,50
6984,15669501,Kuo,West,Male,35
6985,15622631,H?,West,Male,44
6986,15586699,Thomson,West,Male,32
6987,15702377,Knorr,Central,Male,48
6988,15577170,Manfrin,West,Male,60
6989,15769451,Hayes,West,Female,44
6990,15811877,Shao,West,Female,36
6991,15648725,Sinclair,West,Male,41
6992,15752801,Bradshaw,East,Male,29
6993,15808175,Castiglione,West,Female,39
6994,15681342,Hurst,West,Female,35
6995,15589210,Adamson,West,Female,24
6996,15696826,James,West,Female,32
6997,15614962,Pavlova,Central,Female,50
6998,15689061,Davey,West,Male,68
6999,15640074,Barrett,Central,Female,47
7000,15776156,Dolgorukova,West,Male,27
7001,15739548,Johnson,West,Male,28
7002,15662854,Manna,East,Male,48
7003,15687688,Hou,East,Female,32
7004,15715750,Okeke,East,Female,44
7005,15571121,Kodilinyechukwu,West,Female,50
7006,15726466,Esposito,West,Male,43
7007,15660390,Boyle,West,Female,33
7008,15663942,Hsiung,West,Female,38
7009,15638610,Kennedy,East,Female,65
7010,15644446,Norton,West,Female,28
7011,15585892,Zakharov,West,Female,35
7012,15609356,Chimaraoke,West,Female,25
7013,15803378,Small,Central,Male,44
7014,15599440,McGregor,West,Female,34
7015,15692408,Brown,Central,Female,35
7016,15683168,Frederickson,West,Female,30
7017,15790254,Wood,Central,Male,50
7018,15767729,Smith,Central,Male,25
7019,15768600,Harris,East,Male,50
7020,15699839,Hall,West,Male,36
7021,15786237,Pickworth,West,Male,28
7022,15694530,Porter,West,Male,28
7023,15796813,Storey,West,Male,54
7024,15605791,Li,East,Male,29
7025,15714087,McGill,East,Female,45
7026,15711446,Sinclair,Central,Female,51
7027,15588123,Horton,West,Female,27
7028,15748552,Sal,East,Male,37
7029,15618410,Murray,East,Male,26
7030,15672432,Giles,West,Female,53
7031,15610042,Brown,West,Male,33
7032,15580914,Okechukwu,Central,Male,48
7033,15583680,White,Central,Male,41
7034,15813718,Kirillova,Central,Male,45
7035,15767264,Lawson,East,Male,53
7036,15686461,Sarratt,West,Female,56
7037,15678882,Hay,East,Male,37
7038,15789611,Lin,East,Male,46
7039,15668679,Ozerova,West,Male,31
7040,15631685,Lambert,East,Male,60
7041,15655658,Bulgakov,West,Female,48
7042,15753591,He,West,Male,38
7043,15617348,Uchechukwu,West,Male,44
7044,15704581,Robertson,East,Male,34
7045,15738487,Leworthy,West,Male,26
7046,15648069,Onyemachukwu,West,Female,36
7047,15737627,Rivero,East,Female,20
7048,15731586,Lai,Central,Female,31
7049,15757467,Feng,Central,Male,57
7050,15597709,Hornung,West,Female,39
7051,15720529,Schiavone,West,Male,29
7052,15596797,Barnet,Central,Male,43
7053,15681755,Dennys,West,Female,32
7054,15815271,Ritchie,East,Male,43
7055,15682860,Lo,Central,Male,38
7056,15621546,Yuriev,West,Female,33
7057,15705918,Howarth,West,Male,31
7058,15684512,Gibson,East,Female,72
7059,15671769,Zikoranachidimma,West,Female,71
7060,15642934,Mason,East,Female,35
7061,15594305,Rizzo,West,Female,32
7062,15789201,Thomson,East,Female,35
7063,15706762,Ignatyev,West,Female,41
7064,15766183,Ferguson,East,Male,76
7065,15777994,Woods,West,Female,39
7066,15568162,Sung,Central,Male,53
7067,15680643,Lo,Central,Female,42
7068,15761854,Burn,West,Female,24
7069,15730793,Russell,East,Female,54
7070,15692137,Jen,West,Female,46
7071,15608595,Lo Duca,West,Female,39
7072,15709459,Oluchi,Central,Female,63
7073,15775750,Yao,West,Male,37
7074,15585855,Gould,West,Male,40
7075,15752139,Salter,East,Male,36
7076,15768295,Warner,West,Female,34
7077,15766906,Salier,West,Female,25
7078,15725776,Lazar,East,Male,24
7079,15682576,Onyenachiya,West,Male,67
7080,15704081,Findlay,East,Male,30
7081,15719940,Gibbons,East,Female,51
7082,15672894,McCawley,West,Female,36
7083,15667451,Taylor,West,Male,36
7084,15636767,Yang,Central,Female,32
7085,15571415,Okwudiliolisa,East,Male,56
7086,15575605,Napolitano,West,Male,38
7087,15649160,Vavilov,West,Female,38
7088,15615832,Teague,Central,Female,35
7089,15600975,Chiemenam,West,Female,54
7090,15690772,Hughes,Central,Female,48
7091,15565714,Cattaneo,West,Male,47
7092,15763108,Davis,East,Male,53
7093,15723884,Nekrasova,Central,Male,40
7094,15644453,Loggia,East,Female,41
7095,15655464,Combes,West,Female,67
7096,15783883,Onwuka,East,Female,38
7097,15787693,Kharlamov,Central,Male,38
7098,15664793,Scott,Central,Female,50
7099,15642391,Lettiere,East,Male,51
7100,15756538,Osonduagwuike,West,Female,37
7101,15668830,Wan,Central,Male,24
7102,15796569,Donaldson,Central,Female,44
7103,15677112,Chukwufumnanya,West,Male,39
7104,15815040,Ma,East,Female,42
7105,15590434,Alexander,Central,Male,41
7106,15597536,Nkemjika,Central,Male,45
7107,15723989,Carroll,West,Male,40
7108,15767358,Obioma,East,Female,45
7109,15594812,Campbell,Central,Female,37
7110,15688210,Sims,West,Female,39
7111,15681509,McKay,Central,Female,28
7112,15572390,Huang,Central,Female,39
7113,15801441,Campbell,East,Female,35
7114,15783859,Boni,West,Female,24
7115,15575243,Gorbunova,West,Female,39
7116,15773421,Genovese,West,Female,42
7117,15788776,Landor,East,Male,49
7118,15765257,Meng,Central,Male,31
7119,15661412,Wardell,West,Male,32
7120,15636478,Williams,West,Male,31
7121,15603683,Ofodile,Central,Female,23
7122,15651868,Clark,West,Male,34
7123,15815443,Lo,Central,Female,46
7124,15682686,Chukwuemeka,West,Female,38
7125,15697460,Lai,East,Male,34
7126,15748432,Arcuri,West,Female,32
7127,15698271,Graham,West,Female,26
7128,15808662,Krylov,West,Male,44
7129,15690372,Henry,Central,Male,38
7130,15781875,Jamieson,Central,Male,33
7131,15801473,Moore,East,Male,33
7132,15704509,Tan,West,Male,35
7133,15694666,Thornton,Central,Male,48
7134,15731166,Macleod,West,Female,30
7135,15728523,Rizzo,West,Male,41
7136,15788442,Chukwukadibia,Central,Female,57
7137,15689781,Ts'ai,West,Female,49
7138,15764226,Lu,East,Female,28
7139,15809837,Kent,East,Female,66
7140,15805212,Black,West,Female,67
7141,15716082,Chukwubuikem,Central,Male,39
7142,15643056,McMillan,East,Female,38
7143,15654859,Ngozichukwuka,Central,Female,63
7144,15761158,Y?an,West,Female,54
7145,15577515,Sung,East,Female,55
7146,15723827,Macartney,West,Male,30
7147,15646594,Ali,West,Male,41
7148,15712877,Morley,Central,Male,36
7149,15598802,Martin,Central,Male,30
7150,15699340,Okorie,West,Male,37
7151,15691150,Ku,West,Female,32
7152,15608688,Andreyeva,West,Male,34
7153,15737998,Cheng,West,Male,46
7154,15735837,Hsia,Central,Male,36
7155,15659100,Lane,West,Male,33
7156,15609070,Findlay,East,Male,45
7157,15650313,Okonkwo,East,Male,65
7158,15627699,Pirogova,West,Male,32
7159,15591010,McDonald,East,Male,55
7160,15798895,Okonkwo,West,Female,59
7161,15745375,Nnanna,East,Male,23
7162,15775235,Ku,West,Female,36
7163,15780088,Porter,Central,Male,34
7164,15649379,Somayina,West,Female,46
7165,15713983,Mao,East,Male,34
7166,15709252,Fuller,East,Female,28
7167,15699238,Craig,Central,Female,40
7168,15732884,Trevisano,West,Male,29
7169,15587297,Ruiz,West,Male,33
7170,15684722,Fraser,West,Male,34
7171,15621244,Gallo,West,Male,36
7172,15744273,Waterhouse,East,Male,30
7173,15682540,Cremonesi,West,Female,33
7174,15636521,Feng,Central,Female,30
7175,15785339,H?,West,Female,50
7176,15638983,Jara,West,Female,38
7177,15654625,Wilson,East,Male,39
7178,15697310,O'Callaghan,East,Female,28
7179,15678210,Robson,West,Male,38
7180,15575438,Pease,West,Male,42
7181,15632789,Maclean,West,Male,30
7182,15621423,Lavrentyev,West,Female,42
7183,15573520,Rhodes,East,Male,49
7184,15740458,Murphy,Central,Male,36
7185,15762799,Alexander,East,Male,23
7186,15686885,Nekrasov,East,Male,44
7187,15565996,Arnold,West,Male,44
7188,15662152,Trevisan,West,Female,38
7189,15711742,Mason,West,Female,34
7190,15701885,Tucker,West,Female,40
7191,15774262,Hobson,East,Male,52
7192,15567839,Gordon,West,Male,42
7193,15644400,Anderson,West,Male,44
7194,15797246,Terry,East,Female,34
7195,15778290,Lappin,West,Male,70
7196,15708714,Santiago,West,Female,33
7197,15586183,Wallace,West,Female,35
7198,15761733,King,West,Female,42
7199,15773934,Fang,West,Male,33
7200,15705343,May,Central,Female,32
7201,15593959,Travis,West,Male,28
7202,15664615,Nnachetam,East,Female,30
7203,15671014,Zhdanova,Central,Female,72
7204,15657778,Jefferson,West,Male,33
7205,15585192,Cremonesi,Central,Male,39
7206,15592914,Fang,West,Female,29
7207,15770995,Sinclair,East,Female,47
7208,15570990,Begley,Central,Female,30
7209,15596165,Degtyarev,East,Male,25
7210,15788131,Atkins,West,Male,47
7211,15800773,Ikenna,Central,Female,28
7212,15690153,Sun,West,Female,37
7213,15638989,Lettiere,West,Female,25
7214,15623210,Smith,East,Female,55
7215,15652658,Finch,West,Male,36
7216,15684440,Monaldo,East,Male,32
7217,15730287,Ugonna,West,Male,41
7218,15720353,Chiang,West,Male,41
7219,15767231,Sun,West,Male,36
7220,15761554,Blackburn,West,Male,54
7221,15706637,Chang,Central,Male,40
7222,15690492,Palermo,West,Male,41
7223,15694237,McEwan,Central,Male,39
7224,15729771,Davide,East,Male,31
7225,15609823,Chieloka,Central,Female,34
7226,15793366,Humphreys,East,Male,35
7227,15614813,Cocci,East,Female,46
7228,15566495,Hanson,Central,Female,24
7229,15707602,Macleod,West,Female,47
7230,15635244,Ritchie,West,Female,29
7231,15805627,Nebechukwu,West,Male,37
7232,15607986,Nnamutaezinwa,West,Male,40
7233,15799785,Ikemefuna,East,Female,30
7234,15699963,Scott,West,Male,38
7235,15624595,Chiang,Central,Female,35
7236,15629750,Artyomova,West,Male,35
7237,15651460,Hsieh,Central,Male,34
7238,15753550,Levien,West,Female,43
7239,15594133,Erskine,Central,Male,62
7240,15772329,Fiorentino,East,Male,45
7241,15591552,Okonkwo,West,Female,32
7242,15750921,Monds,West,Male,37
7243,15701687,Campbell,Central,Male,44
7244,15728906,Ibekwe,West,Male,77
7245,15670029,Marcelo,West,Female,33
7246,15763579,Castro,East,Female,36
7247,15728010,Capon,West,Male,37
7248,15663194,Voronova,East,Female,40
7249,15736510,Loggia,Central,Female,57
7250,15745804,Law,West,Male,25
7251,15631451,Grant,Central,Female,28
7252,15746995,Greco,East,Male,31
7253,15730673,Dietz,East,Male,40
7254,15734649,Martel,Central,Female,55
7255,15701081,Jarvis,West,Male,36
7256,15632503,Meng,West,Female,32
7257,15585928,Hay,East,Female,31
7258,15648681,Voronoff,West,Female,47
7259,15747757,Trevascus,East,Female,58
7260,15718921,Ho,Central,Male,32
7261,15571081,Hansen,West,Female,41
7262,15734578,Craig,West,Female,53
7263,15579583,Hall,Central,Female,40
7264,15622729,Sun,West,Female,46
7265,15662189,Durant,Central,Male,33
7266,15692718,Jackson,West,Female,38
7267,15762716,Chigozie,Central,Female,60
7268,15724851,Farmer,East,Male,31
7269,15587266,Douglas,East,Female,27
7270,15675926,Ardis,East,Male,34
7271,15706268,Smith,East,Male,51
7272,15581871,Butler,East,Male,42
7273,15666166,Pettry,West,Female,74
7274,15671582,John,Central,Male,38
7275,15680901,Potter,West,Female,34
7276,15642336,Shaw,West,Female,42
7277,15653147,Boyle,West,Male,35
7278,15571284,Elmore,East,Male,32
7279,15591360,Udinesi,West,Female,33
7280,15810485,Sun,East,Male,37
7281,15611973,Tuan,West,Male,55
7282,15735572,Lawrence,West,Male,59
7283,15567860,Burrows,Central,Female,44
7284,15795690,Shao,West,Male,31
7285,15706464,White,Central,Male,35
7286,15725028,Chialuka,West,Male,29
7287,15751167,Toscano,West,Female,43
7288,15633944,McKay,Central,Male,32
7289,15672637,Voronkov,West,Female,30
7290,15680895,Sal,Central,Female,35
7291,15793825,Ikechukwu,West,Male,39
7292,15611318,Kruglova,Central,Male,33
7293,15768474,Clements,Central,Male,34
7294,15716276,Kennedy,West,Female,34
7295,15623668,Johnson,East,Male,31
7296,15696361,Chung,East,Male,31
7297,15607988,Garland,East,Female,37
7298,15637891,Docherty,East,Female,43
7299,15789865,Nnaife,West,Male,28
7300,15627190,Lettiere,West,Male,51
7301,15788224,Sanderson,East,Male,45
7302,15702149,Fomin,East,Female,33
7303,15708236,Wright,West,Female,72
7304,15568469,Buckley,West,Male,43
7305,15764444,Pan,East,Male,58
7306,15794204,Manna,West,Male,28
7307,15807546,Chinwendu,West,Female,38
7308,15782159,Ndubuagha,West,Male,28
7309,15618703,White,Central,Female,53
7310,15793317,Hale,Central,Female,22
7311,15740487,Ross,West,Female,41
7312,15722479,Ikenna,West,Male,37
7313,15688264,Nkemdilim,West,Female,43
7314,15583067,McMillan,West,Female,36
7315,15686670,Duke,West,Female,36
7316,15593345,Bradbury,East,Female,33
7317,15811690,Bayley,East,Male,54
7318,15734008,Bartlett,East,Male,59
7319,15771856,Cremin,Central,Female,32
7320,15762045,Gilchrist,East,Female,37
7321,15778142,Shih,East,Female,31
7322,15689268,Fitzpatrick,West,Male,36
7323,15721507,Pagan,West,Female,32
7324,15750476,Hendrick,Central,Male,24
7325,15810723,Sanderson,West,Female,39
7326,15787229,Samsonova,Central,Female,34
7327,15570508,Azubuike,West,Male,49
7328,15617065,Pan,Central,Male,42
7329,15689786,Massie,East,Male,56
7330,15648876,Sandover,West,Female,34
7331,15802106,Craig,West,Male,34
7332,15773869,Onwudiwe,Central,Male,59
7333,15711635,Chu,East,Female,42
7334,15795527,Zetticci,Central,Male,43
7335,15759133,Vaguine,West,Male,18
7336,15679394,Owen,West,Female,41
7337,15801072,Hurst,West,Female,28
7338,15646082,Harding,West,Female,34
7339,15796111,Smith,East,Female,54
7340,15670646,Moore,Central,Female,42
7341,15578722,Bradley,West,Male,39
7342,15815095,Burfitt,Central,Male,54
7343,15730360,Mackenzie,West,Male,30
7344,15763194,Milanesi,West,Male,34
7345,15720725,Shubin,West,Male,28
7346,15567834,Nieves,West,Male,49
7347,15720644,Martin,West,Male,27
7348,15811742,Jen,Central,Male,42
7349,15813363,Woods,Central,Male,25
7350,15717629,Docherty,East,Male,42
7351,15713160,Lin,Central,Male,25
7352,15568878,Cheng,Central,Male,34
7353,15809800,Korovina,West,Female,38
7354,15736420,Macdonald,West,Male,21
7355,15757933,Hardy,East,Female,30
7356,15623072,Shaw,Central,Female,35
7357,15683993,Knight,West,Female,37
7358,15570947,Bruny,Central,Female,29
7359,15797767,Ikedinachukwu,West,Female,49
7360,15731989,Moran,West,Male,36
7361,15591035,Macleod,Central,Male,54
7362,15586479,Yin,West,Female,36
7363,15605872,Felix,West,Male,73
7364,15666012,Rippey,West,Male,40
7365,15641733,Mishina,West,Female,34
7366,15593178,Graham,Central,Female,36
7367,15649183,Johnston,Central,Female,35
7368,15736399,Korovin,Central,Male,42
7369,15751137,Lei,East,Female,36
7370,15757188,Chimaijem,Central,Female,26
7371,15726167,Scott,West,Male,37
7372,15624850,Grant,West,Male,30
7373,15717700,McIntyre,Central,Male,34
7374,15716347,Griffin,East,Male,37
7375,15696287,Converse,East,Female,38
7376,15638871,Ch'ang,West,Male,77
7377,15765093,Coates,West,Male,23
7378,15592999,Reid,West,Female,40
7379,15641715,Ts'ui,West,Male,34
7380,15607746,Belstead,West,Female,36
7381,15625311,Dickinson,East,Female,41
7382,15573077,Nwora,East,Female,25
7383,15735106,Bishop,Central,Male,28
7384,15672912,Loggia,Central,Female,39
7385,15589881,Rowe,West,Female,41
7386,15660144,Balashov,West,Male,38
7387,15664083,Ulyanova,East,Female,37
7388,15690898,Bogolyubova,West,Male,44
7389,15808023,Remington,West,Female,29
7390,15676909,Mishin,Central,Female,34
7391,15764922,Tu,Central,Male,20
7392,15766734,Castiglione,West,Male,31
7393,15795079,Nnaife,Central,Male,67
7394,15757434,Yang,West,Male,28
7395,15673747,Ayers,West,Female,22
7396,15808386,Cocci,East,Female,45
7397,15603565,Mackenzie,Central,Female,56
7398,15744044,Fiorentini,East,Male,47
7399,15577771,Akabueze,East,Female,40
7400,15769548,Hyde,West,Female,37
7401,15802071,Levi,East,Male,35
7402,15677395,Nwabugwu,West,Female,39
7403,15632010,Chia,Central,Male,33
7404,15779492,Trevisano,Central,Male,56
7405,15694677,Bennetts,West,Male,39
7406,15704315,Teng,West,Male,34
7407,15742009,Hsueh,Central,Male,58
7408,15766663,Mahmood,West,Male,22
7409,15742297,Sinclair,West,Male,35
7410,15688059,Chin,East,Female,42
7411,15752344,She,Central,Male,34
7412,15698749,He,East,Female,23
7413,15631693,Hill,West,Male,36
7414,15604536,Vachon,East,Female,31
7415,15802869,Ball,East,Female,45
7416,15635598,Hsieh,West,Male,29
7417,15592326,Baker,West,Male,36
7418,15736533,Monaldo,East,Female,37
7419,15647191,Lucchesi,West,Male,36
7420,15622507,Hamilton,East,Female,40
7421,15765487,Kuo,East,Female,38
7422,15646521,Fan,Central,Female,36
7423,15746258,Wright,West,Male,29
7424,15692430,Milano,East,Male,36
7425,15625501,Wall,East,Male,38
7426,15640521,Chidumaga,East,Male,33
7427,15790630,Olisaemeka,West,Female,48
7428,15664720,Kovalyova,Central,Male,33
7429,15750055,Onio,Central,Male,32
7430,15644878,Hill,Central,Female,43
7431,15754578,Okeke,West,Female,35
7432,15705379,Upjohn,West,Male,38
7433,15761047,H?,East,Male,31
7434,15671293,Marcus,East,Female,37
7435,15687527,Yobachukwu,Central,Male,35
7436,15647898,Russell,Central,Female,50
7437,15671534,Hovell,East,Female,57
7438,15591248,Chukwumaobim,West,Female,29
7439,15676156,Boyle,West,Female,32
7440,15812918,Scott,West,Female,27
7441,15604130,Johnstone,Central,Female,47
7442,15700549,Alvares,West,Male,54
7443,15715519,McDavid,Central,Male,36
7444,15707042,Dellucci,West,Female,24
7445,15605276,Brothers,West,Female,29
7446,15630592,Sanders,West,Female,45
7447,15636626,Morrison,West,Male,35
7448,15740411,Molle,East,Male,30
7449,15593834,Genovese,Central,Male,36
7450,15804235,Zetticci,West,Female,37
7451,15679801,Hsueh,Central,Female,39
7452,15673907,Alexander,West,Male,20
7453,15636562,Muravyova,Central,Male,44
7454,15702571,Wright,East,Female,35
7455,15627365,Calabresi,West,Male,46
7456,15748499,Johnson,East,Male,33
7457,15598614,Lucchesi,Central,Male,20
7458,15668889,Galgano,East,Female,43
7459,15800049,Grigoryeva,Central,Female,43
7460,15583724,Raymond,Central,Female,29
7461,15622083,Paterson,East,Male,30
7462,15645571,Genovese,Central,Male,32
7463,15598266,Martin,West,Male,40
7464,15667934,Moretti,West,Male,36
7465,15569682,Leckie,East,Male,37
7466,15772941,Lane,East,Male,30
7467,15586174,Brodney,East,Female,30
7468,15803682,Angelo,East,Female,37
7469,15627328,Millar,Central,Female,26
7470,15717065,Balashov,West,Female,35
7471,15602456,Afanasyev,East,Female,47
7472,15721569,Chialuka,East,Female,55
7473,15573798,Yermolayev,West,Female,36
7474,15638272,Tien,Central,Male,32
7475,15799859,Lucchesi,West,Male,50
7476,15599152,Lai,West,Male,31
7477,15737909,Bates,West,Male,44
7478,15646190,Saunders,West,Female,56
7479,15711249,Chukwuemeka,Central,Male,22
7480,15671987,Meagher,Central,Male,35
7481,15812766,Golubeva,Central,Male,40
7482,15778589,Collier,West,Male,34
7483,15750104,Chan,East,Male,43
7484,15784526,Chen,West,Male,44
7485,15646563,Wright,West,Female,35
7486,15744423,Cocci,West,Male,32
7487,15593694,Williams,West,Male,49
7488,15785367,McGuffog,West,Female,56
7489,15687765,Chukwujamuike,East,Female,42
7490,15789014,Scott,West,Female,26
7491,15703177,Bell,West,Female,35
7492,15660263,Olisaemeka,West,Male,40
7493,15776545,Napolitani,West,Male,28
7494,15683276,Sargood,Central,Female,37
7495,15599272,Harrington,West,Female,36
7496,15589541,Sutherland,West,Female,27
7497,15608804,Allan,East,Male,49
7498,15645820,Folliero,West,Male,27
7499,15659031,Mordvinova,West,Female,36
7500,15790113,Schofield,East,Female,71
7501,15652289,Williams,West,Male,47
7502,15605341,Baird,West,Female,58
7503,15697844,Whitehouse,Central,Female,32
7504,15652048,Thompson,East,Male,44
7505,15587038,Ogochukwu,Central,Female,32
7506,15660528,Niu,Central,Male,27
7507,15700300,Okoli,East,Female,44
7508,15642001,Lorenzen,East,Male,44
7509,15580366,Okechukwu,East,Male,54
7510,15657228,Anderson,East,Male,37
7511,15729377,Ku,West,Male,36
7512,15686913,Kung,West,Male,38
7513,15631267,Lu,West,Male,50
7514,15632275,Trevisano,West,Male,29
7515,15715907,Onwubiko,West,Male,64
7516,15764841,Vidler,West,Female,35
7517,15748649,Shen,West,Male,40
7518,15771409,McGregor,West,Male,58
7519,15779207,Nnamdi,East,Male,30
7520,15814116,Castiglione,West,Female,42
7521,15665087,Bergamaschi,East,Female,26
7522,15611189,Allingham,Central,Male,43
7523,15729718,Stelzer,West,Male,41
7524,15733602,Rubin,Central,Female,72
7525,15620103,Ho,West,Female,40
7526,15770406,Watson,East,Male,35
7527,15800554,Perry,West,Female,81
7528,15611409,Sun,Central,Male,35
7529,15646535,Harrell,West,Male,46
7530,15575430,Robson,West,Female,33
7531,15711299,Wilson,East,Female,52
7532,15642063,Kelechi,West,Male,40
7533,15706602,Bates,Central,Female,33
7534,15592773,Eberegbulam,East,Female,51
7535,15786539,Olisaemeka,West,Male,32
7536,15737542,Davey,East,Female,36
7537,15590234,De Luca,West,Female,42
7538,15773776,Ho,West,Female,38
7539,15728082,Vasiliev,Central,Male,28
7540,15609987,Smith,West,Male,42
7541,15735330,Sung,West,Male,37
7542,15649430,White,West,Male,28
7543,15768777,Wang,Central,Female,34
7544,15777893,Davide,West,Male,43
7545,15791326,Nnamdi,West,Male,34
7546,15615176,Welsh,West,Male,26
7547,15735221,Sousa,West,Female,42
7548,15617991,Andrews,West,Male,29
7549,15658504,Chiawuotu,East,Female,62
7550,15785705,Thomson,East,Female,44
7551,15801817,Carpenter,West,Female,38
7552,15752578,Yefimova,West,Female,37
7553,15781574,Ma,Central,Male,76
7554,15792107,Black,Central,Female,35
7555,15569917,Obijiaku,Central,Male,30
7556,15721504,King,Central,Male,41
7557,15757306,Miller,Central,Male,49
7558,15647295,Chin,West,Male,34
7559,15642098,Cox,Central,Female,36
7560,15696120,Wallace,Central,Female,30
7561,15675176,Price,West,Male,51
7562,15700046,Yuan,West,Male,41
7563,15782089,Mullen,West,Male,33
7564,15706394,Howell,West,Male,53
7565,15759387,McIntosh,East,Male,38
7566,15623369,Clifton,West,Male,52
7567,15732943,Okwuoma,Central,Male,36
7568,15750545,Chidiebere,West,Male,44
7569,15809909,Fan,Central,Female,54
7570,15642448,Onyemauchechukwu,Central,Male,28
7571,15791944,Harker,West,Male,32
7572,15768342,Bolton,West,Male,52
7573,15567919,Lazarev,East,Male,37
7574,15674750,Alexeyeva,Central,Female,37
7575,15778345,Stevens,West,Female,33
7576,15687634,Glover,East,Male,49
7577,15666096,Ibekwe,Central,Male,27
7578,15581700,Paterson,East,Male,43
7579,15656417,Marsh,West,Female,39
7580,15649101,Reeves,West,Male,40
7581,15781975,Rees,West,Male,34
7582,15700511,Hanson,East,Male,42
7583,15770255,Onwughara,East,Female,33
7584,15643574,Odinakachukwu,West,Male,26
7585,15595010,Huang,Central,Female,39
7586,15580579,Trevisani,West,Female,40
7587,15748532,Dale,Central,Male,42
7588,15773789,Pavlova,Central,Female,38
7589,15600027,Meng,Central,Male,33
7590,15620832,Dean,West,Female,35
7591,15568819,Chiganu,East,Female,42
7592,15748691,Lung,Central,Female,30
7593,15583552,Donaldson,East,Male,44
7594,15588019,Li Fonti,West,Male,28
7595,15713250,Izmailova,West,Male,33
7596,15569595,Walker,West,Female,50
7597,15794868,Nnonso,East,Male,40
7598,15576680,Stevenson,West,Male,29
7599,15613699,Schnaars,West,Female,60
7600,15609758,Geoghegan,West,Female,45
7601,15762392,Ilyina,Central,Male,30
7602,15693382,Muir,West,Male,31
7603,15791769,Gardener,West,Female,29
7604,15712483,Chidi,Central,Female,28
7605,15636454,Fu,West,Female,60
7606,15710138,Sun,Central,Male,39
7607,15571571,Ting,East,Female,31
7608,15638751,Ashton,Central,Female,41
7609,15598574,Uwakwe,Central,Female,31
7610,15796787,Vassiliev,West,Male,46
7611,15615670,Kazakova,West,Male,36
7612,15705506,Perry,Central,Male,38
7613,15599535,Howell,Central,Male,28
7614,15768449,Ricci,West,Female,37
7615,15725002,Smith,West,Male,37
7616,15611682,Rossi,Central,Male,37
7617,15749964,Jones,West,Female,27
7618,15678779,Quezada,West,Male,33
7619,15752601,McCulloch,West,Female,40
7620,15758477,Tobeolisa,West,Female,32
7621,15629133,Black,West,Female,27
7622,15604963,Fraser,West,Male,39
7623,15796413,Green,West,Male,46
7624,15812470,Allan,West,Male,61
7625,15587443,Akudinobi,West,Female,69
7626,15689692,Walker,East,Male,19
7627,15779586,Olisaemeka,East,Female,46
7628,15667588,Arcuri,Central,Female,40
7629,15624423,Liu,West,Male,28
7630,15591107,Flemming,East,Female,68
7631,15748986,Bischof,East,Male,42
7632,15793896,John,Central,Male,40
7633,15620570,Sinnett,West,Male,43
7634,15727811,Ts'ui,East,Female,47
7635,15707681,Pokrovsky,East,Male,38
7636,15702030,Azarov,West,Female,29
7637,15673238,McCarthy,East,Female,59
7638,15604196,Simpson,West,Male,32
7639,15769356,Stevenson,East,Female,23
7640,15665590,Moore,West,Male,46
7641,15572361,Chill,East,Female,34
7642,15667460,Moore,West,Male,31
7643,15654760,Su,West,Male,40
7644,15632669,Rees,Central,Female,32
7645,15613673,Lung,West,Male,28
7646,15698522,Thomas,East,Male,39
7647,15741633,Fuller,Central,Male,32
7648,15674583,Trevisani,West,Male,25
7649,15665374,Dumolo,Central,Female,31
7650,15588854,Wu,West,Female,31
7651,15810716,Kerr,East,Male,42
7652,15776921,Geoghegan,East,Male,45
7653,15569394,Bailey,West,Male,24
7654,15788215,Hsia,Central,Female,30
7655,15641007,Holden,West,Female,38
7656,15594651,Milani,West,Male,38
7657,15575146,Jamieson,East,Male,51
7658,15608916,Ndubueze,West,Male,40
7659,15666297,Abramova,Central,Female,53
7660,15598586,Wetherspoon,West,Male,31
7661,15665014,Middleton,Central,Male,36
7662,15701738,Arcuri,East,Male,44
7663,15650591,Calabrese,East,Male,50
7664,15652667,Hampton,West,Male,39
7665,15679622,Clayton,West,Male,35
7666,15730150,Otutodilichukwu,Central,Male,37
7667,15813192,Chukwuemeka,West,Male,25
7668,15606554,Douglas,West,Male,29
7669,15611794,Galloway,East,Male,61
7670,15672357,Sochima,Central,Male,38
7671,15711759,Wilkins,West,Female,29
7672,15615296,Rice,West,Male,39
7673,15699294,Pope,West,Male,30
7674,15788634,Romani,Central,Female,37
7675,15660871,Ch'ang,West,Male,28
7676,15618258,Chizuoke,Central,Male,37
7677,15722535,Ireland,West,Female,33
7678,15711977,Finch,West,Male,36
7679,15690169,Meng,West,Male,31
7680,15790689,Hibbins,Central,Male,32
7681,15665181,Chung,Central,Male,25
7682,15633608,Black,West,Male,33
7683,15805261,Balashov,Central,Male,29
7684,15740356,Palmer,East,Male,26
7685,15808223,Lea,Central,Male,41
7686,15769980,Singleton,East,Female,40
7687,15675450,Burt,West,Male,48
7688,15776494,Siciliano,West,Male,61
7689,15592412,Sun,East,Male,45
7690,15777452,Sauve,West,Female,46
7691,15692258,Thompson,Central,Male,31
7692,15791045,Boni,West,Female,38
7693,15807889,Wood,East,Male,74
7694,15602043,Buccho,East,Female,46
7695,15807335,Spencer,Central,Female,64
7696,15629985,Eidson,East,Female,47
7697,15679453,Hung,East,Female,39
7698,15637315,Melvin,Central,Female,41
7699,15691513,Dawkins,West,Male,60
7700,15622289,Rizzo,Central,Female,36
7701,15715184,Capon,Central,Female,31
7702,15702801,Ts'ao,West,Female,29
7703,15719931,Johnstone,West,Male,31
7704,15806081,Fleming,East,Female,48
7705,15796336,Chang,Central,Female,34
7706,15647306,Gibbs,West,Female,29
7707,15742369,Rita,Central,Male,31
7708,15655859,Munro,Central,Male,35
7709,15675650,Duncan,West,Female,39
7710,15574119,Okwuadigbo,Central,Female,64
7711,15754168,McIntosh,West,Female,40
7712,15763029,Ch'iu,East,Male,46
7713,15765048,Watt,West,Male,30
7714,15786215,Udinese,West,Male,56
7715,15707559,Clark,West,Female,30
7716,15582129,Hsia,West,Male,62
7717,15687540,Obiuto,West,Male,32
7718,15787196,T'ien,Central,Male,46
7719,15670898,McKenzie,West,Female,60
7720,15775433,Tang,East,Male,71
7721,15700693,Tu,West,Male,68
7722,15677955,Tsui,East,Male,33
7723,15570086,Lynch,East,Male,18
7724,15794875,Hung,Central,Male,35
7725,15673591,Oluchukwu,West,Male,44
7726,15631756,Tuan,West,Female,35
7727,15757617,Lewis,West,Male,55
7728,15612729,Chidiebere,West,Female,63
7729,15637857,Woolacott,West,Female,31
7730,15681007,Yen,West,Female,35
7731,15593622,Service,West,Male,43
7732,15629273,Lin,East,Male,42
7733,15765846,Chuang,Central,Female,31
7734,15596013,Akhtar,East,Female,58
7735,15722473,Faulkner,West,Male,41
7736,15774936,Liang,East,Male,41
7737,15685640,Dancy,West,Female,41
7738,15566563,Duigan,West,Female,30
7739,15768746,McLean,West,Male,33
7740,15689952,Zuyeva,Central,Male,41
7741,15725906,Hankinson,Central,Female,51
7742,15634501,Wei,West,Male,60
7743,15571940,Afamefula,Central,Male,22
7744,15741643,Chiang,East,Male,35
7745,15806822,Myers,West,Female,36
7746,15701166,Chinedum,West,Male,40
7747,15718531,Ukaegbunam,West,Female,35
7748,15628308,Akubundu,West,Female,24
7749,15585287,Sal,East,Female,35
7750,15781619,Stevenson,West,Female,38
7751,15805162,Sutherland,West,Male,25
7752,15588535,Ts'ao,Central,Female,39
7753,15775307,Sung,Central,Female,38
7754,15777616,Pisani,East,Male,28
7755,15692291,Hs?eh,Central,Female,42
7756,15680843,Sherrod,West,Male,34
7757,15606232,Holloway,Central,Female,36
7758,15641585,Newton,West,Male,40
7759,15684358,Kang,West,Male,41
7760,15806389,Walton,East,Female,55
7761,15641860,Bradley,East,Male,34
7762,15814237,Watkins,East,Male,30
7763,15808780,Tien,West,Female,34
7764,15767064,Davide,Central,Female,36
7765,15751177,Milne,East,Female,44
7766,15613427,Barling,East,Female,49
7767,15647259,Barnett,Central,Male,35
7768,15748660,Ellis,East,Female,49
7769,15726695,Hsia,Central,Female,20
7770,15757473,Chukwujamuike,West,Female,27
7771,15809509,Venables,West,Male,29
7772,15715512,Hsia,East,Male,29
7773,15614168,Alexander,East,Female,50
7774,15679818,Yuan,East,Male,67
7775,15609928,Johnston,East,Male,43
7776,15731246,Hobler,Central,Male,40
7777,15685243,Jamieson,West,Female,63
7778,15638730,Macleod,West,Female,21
7779,15697034,Norris,Central,Female,22
7780,15699225,Pirozzi,West,Male,46
7781,15677387,Folliero,East,Female,33
7782,15759184,Russell,West,Male,34
7783,15595991,Hsiung,West,Male,54
7784,15681332,Tate,West,Female,43
7785,15756299,Davis,West,Female,64
7786,15750547,Bair,West,Male,26
7787,15566380,Drury,Central,Female,33
7788,15675963,Padovano,West,Female,57
7789,15674671,Conway,Central,Male,76
7790,15621466,Waters,East,Male,38
7791,15607176,Kang,West,Male,22
7792,15570299,Martin,East,Female,31
7793,15613197,Ugochukwutubelum,West,Male,40
7794,15798885,Burns,West,Male,56
7795,15714883,Genovese,West,Female,25
7796,15604497,Beale,East,Male,44
7797,15773949,Cherkasova,West,Female,36
7798,15774164,Coles,East,Male,33
7799,15774127,Potter,West,Male,46
7800,15619016,McMinn,East,Male,46
7801,15795759,Bergamaschi,East,Female,52
7802,15798844,Chijindum,West,Male,54
7803,15717962,Ch'iu,Central,Male,63
7804,15691504,Yusupova,East,Female,52
7805,15693893,Davis,East,Male,59
7806,15672499,Iadanza,West,Male,34
7807,15750410,Jordan,West,Female,25
7808,15568904,Kruglova,East,Male,34
7809,15649033,Echezonachukwu,East,Female,55
7810,15780989,Hajek,Central,Male,43
7811,15771059,Welch,East,Female,34
7812,15687852,Vinogradoff,West,Male,30
7813,15695280,Hung,East,Male,24
7814,15592751,Okwudiliolisa,East,Female,63
7815,15598338,Mays,East,Female,33
7816,15735784,Gardner,West,Male,38
7817,15629128,Mamelu,East,Male,42
7818,15642870,Ross,West,Male,58
7819,15637977,Barese,East,Male,25
7820,15600792,Swayne,Central,Male,29
7821,15576131,Phillips,West,Male,40
7822,15686588,Manfrin,West,Female,28
7823,15761018,Tan,East,Male,50
7824,15616029,Adams,West,Male,32
7825,15761149,Teng,West,Female,44
7826,15802758,Chinwendu,East,Female,23
7827,15647838,Davison,East,Female,51
7828,15735968,Hsing,West,Male,41
7829,15581286,Castro,West,Female,40
7830,15625445,Parkin,West,Female,36
7831,15600173,Manna,West,Female,33
7832,15635143,Fennescey,West,Male,42
7833,15664849,Colon,Central,Male,46
7834,15762455,Yeh,Central,Male,33
7835,15797165,Bergamaschi,West,Male,56
7836,15788189,Matveyeva,West,Female,41
7837,15780492,Ignatyeva,West,Male,42
7838,15678497,Lederer,Central,Male,48
7839,15588560,Nwabugwu,East,Female,32
7840,15606003,Abramowitz,West,Female,21
7841,15611756,Chapman,East,Female,47
7842,15789563,Fiorentino,East,Female,46
7843,15702416,Cecil,West,Male,43
7844,15766288,Ikechukwu,East,Female,36
7845,15667633,Allen,West,Female,38
7846,15622774,Kao,West,Male,34
7847,15755416,Hart,West,Female,27
7848,15769915,Charlton,Central,Female,20
7849,15643908,Turnbull,West,Female,49
7850,15627395,Manners,East,Male,41
7851,15679663,Chiazagomekpere,West,Female,36
7852,15651581,Lavrentyev,East,Male,68
7853,15596379,Wallace,East,Male,39
7854,15746674,Miller,West,Female,47
7855,15801256,Bazhenov,Central,Male,49
7856,15663808,Ifesinachi,East,Female,59
7857,15598521,Ma,East,Female,33
7858,15621457,Chu,West,Male,27
7859,15764726,Kerr,West,Male,22
7860,15646374,Wynne,East,Female,28
7861,15716501,Moon,West,Male,32
7862,15589948,Disher,Central,Male,28
7863,15811343,Cattaneo,East,Male,35
7864,15659677,Beluchi,West,Male,47
7865,15594436,Mazzi,Central,Male,33
7866,15748995,Ifeajuna,Central,Male,30
7867,15677062,Howe,West,Female,38
7868,15697201,Yocum,Central,Female,46
7869,15666453,Moore,East,Female,29
7870,15693771,Y?an,Central,Female,45
7871,15569867,Chinweuba,West,Female,29
7872,15711602,Lowrie,West,Female,36
7873,15717736,Shen,East,Female,46
7874,15750441,Lavarack,West,Male,36
7875,15732791,Davide,East,Male,32
7876,15775104,Gomes,West,Female,38
7877,15757607,Matveyeva,West,Male,45
7878,15793070,Fiorentino,Central,Female,41
7879,15760456,Eberechukwu,West,Female,38
7880,15665385,Gibney,West,Male,44
7881,15612418,Virgo,West,Female,38
7882,15727138,Kulikova,Central,Male,46
7883,15732061,Liu,East,Female,45
7884,15776051,Kao,West,Female,45
7885,15616530,Foran,West,Male,36
7886,15632344,Jones,West,Female,42
7887,15744979,Fowler,West,Female,36
7888,15745433,Conti,East,Female,30
7889,15683657,Stephenson,West,Female,31
7890,15718572,Willis,East,Male,57
7891,15665783,Ts'ui,West,Male,49
7892,15652782,Chibuzo,East,Male,48
7893,15707025,Fang,Central,Female,31
7894,15647807,Wyckoff,West,Male,40
7895,15718281,Muir,East,Male,67
7896,15660571,Halpern,Central,Male,43
7897,15727857,Flynn,Central,Male,41
7898,15639252,Shao,Central,Male,30
7899,15628144,Soares,West,Female,72
7900,15683560,Gallo,West,Female,40
7901,15653275,Lei,Central,Female,54
7902,15622182,Daniels,East,Female,28
7903,15613962,Kenechi,West,Female,38
7904,15618437,Singleton,Central,Male,34
7905,15783338,Williams,Central,Male,32
7906,15764491,Greece,Central,Male,35
7907,15712960,Olisanugo,Central,Male,37
7908,15688157,Padovano,East,Female,39
7909,15579287,Rossi,West,Male,35
7910,15570931,Grant,West,Male,61
7911,15615177,Ebelegbulam,Central,Male,28
7912,15809906,Mitchell,East,Male,26
7913,15652169,Buckley,West,Male,35
7914,15649450,Repina,East,Male,24
7915,15777179,Ellis,West,Male,35
7916,15803538,Douglas,Central,Male,56
7917,15610936,Becher,West,Male,33
7918,15590094,Nwachukwu,East,Male,38
7919,15572706,Smith,West,Male,37
7920,15634564,Aksyonov,Central,Male,31
7921,15684296,Artyomova,West,Male,34
7922,15702293,Medvedeva,Central,Female,35
7923,15642099,Tsui,Central,Male,39
7924,15773273,Runyon,Central,Male,38
7925,15613337,Gallo,West,Male,47
7926,15800482,Bradshaw,Central,Female,33
7927,15732644,Evans,Central,Female,54
7928,15713426,Hancock,East,Male,30
7929,15640789,Butler,West,Male,38
7930,15598892,Bradshaw,West,Male,30
7931,15606436,Bergamaschi,Central,Male,38
7932,15751227,Ebelegbulam,West,Male,47
7933,15812365,Greco,West,Male,40
7934,15616088,Lucas,West,Female,70
7935,15803886,Barber,Central,Male,31
7936,15587311,Dobbs,Central,Male,33
7937,15617401,Thomson,West,Male,22
7938,15775886,Su,West,Male,36
7939,15807305,Watkins,West,Male,39
7940,15761717,Ch'ien,West,Male,26
7941,15628008,Monds,Central,Female,29
7942,15583755,McClemans,East,Male,33
7943,15661409,Shen,West,Female,42
7944,15774250,Gallo,West,Male,42
7945,15681476,Foveaux,West,Female,39
7946,15654870,Longo,West,Female,45
7947,15790448,Calabresi,West,Female,35
7948,15785326,Randall,Central,Female,35
7949,15592854,Garcia,West,Male,25
7950,15617486,Sullivan,West,Male,52
7951,15806796,Higgins,East,Female,33
7952,15644699,Crawford,West,Female,40
7953,15622305,Martin,East,Female,33
7954,15608209,Currey,East,Male,33
7955,15626898,Teng,West,Male,30
7956,15644297,Austin,East,Male,38
7957,15731569,Hudson,West,Male,81
7958,15582149,Ts'ui,East,Female,34
7959,15802483,Hancock,West,Male,34
7960,15686999,Nicholas,West,Female,40
7961,15772479,Napolitano,West,Male,37
7962,15778884,Jamieson,West,Female,38
7963,15623630,Foster,East,Female,56
7964,15774316,Moretti,West,Male,37
7965,15695097,Chiedozie,East,Female,30
7966,15645404,Okwukwe,West,Female,51
7967,15750574,Lumholtz,Central,Female,34
7968,15636812,Rose,West,Male,40
7969,15712068,Wan,Central,Male,45
7970,15652030,De Bernales,East,Male,49
7971,15577398,Ch'eng,West,Male,30
7972,15756848,Edmondson,Central,Male,42
7973,15806929,Ch'ien,East,Male,36
7974,15656005,Millar,East,Male,31
7975,15722632,Dickson,East,Male,50
7976,15794356,Toscani,East,Male,42
7977,15659656,Pan,West,Male,35
7978,15588341,Chigozie,Central,Male,47
7979,15709142,Sagese,East,Female,30
7980,15627042,Reilly,West,Female,26
7981,15627517,Taylor,Central,Male,27
7982,15803032,Yen,East,Male,38
7983,15665129,Kapustin,East,Male,33
7984,15628272,Singh,West,Female,36
7985,15678206,Yeh,West,Male,46
7986,15678427,Genovese,East,Female,27
7987,15678067,Boyle,Central,Male,45
7988,15793331,Blair,West,Male,32
7989,15699532,Okagbue,West,Male,51
7990,15605827,Khan,West,Male,39
7991,15643635,Robertson,Central,Male,32
7992,15787710,Tikhonov,Central,Female,39
7993,15614137,MacDonald,West,Female,40
7994,15754494,Ah Mouy,West,Female,33
7995,15713440,Barese,East,Female,21
7996,15803479,Winter-Irving,West,Female,67
7997,15709639,Wilson,West,Female,22
7998,15601719,Fiorentino,East,Male,24
7999,15772482,Iloerika,East,Male,28
8000,15591489,Davison,West,Male,26
8001,15629002,Hamilton,East,Male,36
8002,15798053,Nnachetam,Central,Male,32
8003,15753895,Blue,Central,Male,37
8004,15595426,Madukwe,Central,Male,57
8005,15645815,Mills,West,Male,45
8006,15632848,Ferrari,West,Female,36
8007,15703068,Nixon,East,Male,41
8008,15791513,Manfrin,West,Male,41
8009,15587210,McCartney,East,Female,44
8010,15793803,Robinson,West,Male,34
8011,15787756,Nkemdirim,East,Male,51
8012,15723437,Sal,West,Female,35
8013,15702715,Kao,West,Female,34
8014,15809872,Ikechukwu,West,Male,32
8015,15644295,Hargreaves,Central,Female,39
8016,15778694,Sievier,East,Female,26
8017,15759555,Murphy,Central,Male,41
8018,15631406,Munro,East,Male,50
8019,15616676,Donnelly,East,Male,23
8020,15771154,North,West,Female,73
8021,15669491,Cruz,West,Female,46
8022,15697691,Sinclair,West,Female,41
8023,15665180,Vasiliev,West,Female,31
8024,15752588,Vasilyeva,West,Male,36
8025,15743051,Hamilton,West,Male,30
8026,15571873,Sung,West,Male,24
8027,15679743,Genovesi,West,Female,33
8028,15769412,Atkinson,Central,Male,39
8029,15775124,Watterston,Central,Male,37
8030,15732113,Butters,Central,Male,50
8031,15578141,Chien,Central,Male,38
8032,15595874,Gorbunova,Central,Female,36
8033,15755642,Bulgakov,West,Male,34
8034,15576526,Steele,Central,Male,36
8035,15792489,Polyakova,Central,Male,42
8036,15733705,Bull,West,Female,30
8037,15807221,Weaver,Central,Male,21
8038,15573045,Earl,West,Male,62
8039,15756824,Giordano,East,Female,50
8040,15773520,Begg,West,Female,43
8041,15627439,Pickering,Central,Female,36
8042,15701439,Fanucci,Central,Female,50
8043,15785352,Chang,West,Male,37
8044,15616525,Sopuluchi,Central,Male,31
8045,15717489,Martin,West,Male,23
8046,15795737,McNaughtan,Central,Female,47
8047,15693877,Stewart,West,Female,47
8048,15576111,Reagan,East,Male,33
8049,15595713,Heller,Central,Male,33
8050,15808868,Nwokeocha,West,Female,31
8051,15708193,Liu,West,Male,33
8052,15697801,Sokolova,East,Female,56
8053,15770121,Bancroft,West,Female,34
8054,15800524,Nnanna,East,Male,29
8055,15686236,Trevisani,East,Female,47
8056,15659807,Nwachinemelu,Central,Male,41
8057,15736078,Ting,East,Female,33
8058,15620836,Lo Duca,East,Female,34
8059,15698184,Marshall,West,Female,50
8060,15717643,Band,West,Female,34
8061,15776596,Ferri,Central,Female,39
8062,15814757,Carter,Central,Male,31
8063,15812607,Wilson,East,Female,46
8064,15663888,Connor,East,Male,34
8065,15748882,Reid,Central,Male,29
8066,15690829,Sandefur,East,Male,49
8067,15695819,Bidwill,East,Male,43
8068,15696834,Cone,West,Female,29
8069,15797710,Saunders,East,Male,29
8070,15700654,Liardet,East,Male,44
8071,15583764,Wilkes,East,Male,31
8072,15688849,Martin,West,Male,48
8073,15661473,Boni,East,Male,51
8074,15601030,Patel,East,Female,34
8075,15789557,Howell-Price,East,Female,27
8076,15745250,Simpson,West,Male,58
8077,15590349,Rowland,West,Female,36
8078,15741693,Barnard,West,Male,40
8079,15618446,Nnonso,West,Female,50
8080,15766552,Rossi,West,Male,37
8081,15668775,Pendred,West,Male,47
8082,15757895,Martin,East,Male,30
8083,15774551,K?,Central,Male,36
8084,15684011,Miller,East,Male,29
8085,15736146,Afamefula,East,Male,28
8086,15656286,Sims,West,Male,33
8087,15774847,Knight,West,Male,50
8088,15619340,Obijiaku,Central,Male,38
8089,15815656,Hopkins,East,Female,39
8090,15623357,Onio,East,Male,24
8091,15601324,Black,West,Female,48
8092,15715510,Eluemuno,West,Male,29
8093,15663770,Doyle,West,Male,38
8094,15779267,Onyemere,West,Male,47
8095,15597957,Rahman,Central,Male,66
8096,15584620,Su,East,Female,36
8097,15750772,Walker,West,Female,38
8098,15706557,Ferguson,West,Female,52
8099,15594391,Samaniego,West,Female,68
8100,15661656,Onwumelu,West,Male,38
8101,15631217,Young,West,Male,40
8102,15588955,Mazzi,East,Female,43
8103,15758252,Toscano,East,Female,45
8104,15740223,Walton,East,Male,51
8105,15805413,Chiang,West,Female,31
8106,15635116,Burgos,Central,Male,60
8107,15764892,Spinelli,Central,Female,51
8108,15795936,Lung,West,Male,50
8109,15655232,Noble,East,Male,35
8110,15640133,Pai,West,Female,34
8111,15751524,Chigozie,East,Female,36
8112,15670552,Peavy,West,Female,31
8113,15623966,Yermakov,West,Female,35
8114,15752193,Burton,Central,Male,34
8115,15607269,Costa,East,Female,49
8116,15700752,Pugliesi,West,Female,32
8117,15777901,Lindell,East,Female,43
8118,15639117,Sorenson,Central,Female,34
8119,15720203,Arcuri,Central,Male,28
8120,15586236,Banks,West,Male,31
8121,15676645,Parry,West,Male,45
8122,15715988,Cockett,West,Male,35
8123,15603749,Galkina,West,Female,53
8124,15608956,Su,West,Male,33
8125,15733872,Marino,East,Female,33
8126,15666982,Spears,East,Female,38
8127,15602647,Cunningham,East,Male,39
8128,15623063,Taylor,East,Male,35
8129,15682928,Chiazagomekpere,Central,Male,39
8130,15729246,Hardacre,Central,Male,31
8131,15588928,Maslow,West,Male,47
8132,15803352,Scott,East,Male,33
8133,15607485,Wakelin,Central,Female,29
8134,15656249,Esposito,West,Female,34
8135,15761783,Shah,West,Male,41
8136,15716605,Chukwufumnanya,East,Female,24
8137,15757425,Fleming,West,Female,38
8138,15603096,Lori,West,Male,33
8139,15588580,Kennedy,East,Female,36
8140,15770539,Walters,West,Male,30
8141,15572022,Han,West,Female,36
8142,15571843,Lawrence,Central,Male,24
8143,15752502,Cooke,West,Male,41
8144,15609058,Wan,West,Male,23
8145,15775108,Lo Duca,West,Male,34
8146,15708904,Yermakova,West,Female,37
8147,15600086,Combs,West,Male,48
8148,15814675,Chien,East,Female,39
8149,15572777,Meng,Central,Male,47
8150,15585106,Calabresi,East,Female,38
8151,15738936,Stevenson,East,Male,29
8152,15750970,Davidson,Central,Male,40
8153,15725772,Ch'in,Central,Female,36
8154,15692106,Rose,Central,Female,25
8155,15791533,Ch'ien,Central,Male,42
8156,15715715,Artyomova,Central,Male,38
8157,15785576,Mayrhofer,East,Male,71
8158,15798834,Yefremov,Central,Female,32
8159,15744127,Kosovich,West,Female,37
8160,15637427,Lu,Central,Female,25
8161,15576990,Taplin,East,Female,25
8162,15615352,Ebelechukwu,West,Male,31
8163,15647333,Fleming,West,Male,27
8164,15572050,Yefimov,East,Male,48
8165,15581370,Andreyeva,Central,Male,38
8166,15813503,Pickering,Central,Male,37
8167,15769783,Allan,Central,Male,37
8168,15793135,Wang,East,Female,24
8169,15599182,Reynolds,Central,Female,33
8170,15689517,Hales,West,Male,27
8171,15641366,Y?an,East,Male,61
8172,15588859,Rowley,Central,Female,44
8173,15732293,Chia,Central,Male,31
8174,15568032,Moore,East,Male,31
8175,15623525,Copeland,Central,Male,31
8176,15606601,Rishel,West,Female,22
8177,15800811,Wan,West,Male,40
8178,15610711,Eluemuno,East,Female,40
8179,15809654,Hsia,West,Female,46
8180,15576077,Kelly,West,Female,27
8181,15643378,Muir,West,Male,42
8182,15566790,McIntyre,West,Male,28
8183,15774402,Donaldson,Central,Male,36
8184,15694641,Wright,Central,Female,59
8185,15605916,Uvarova,West,Female,50
8186,15812356,Doherty,East,Female,40
8187,15644179,Allen,West,Female,39
8188,15771674,Ma,Central,Female,39
8189,15623314,Tucker,East,Female,59
8190,15613292,Ch'eng,West,Male,21
8191,15813871,Hs?,West,Male,47
8192,15759480,H?,West,Female,40
8193,15587712,Chimaijem,West,Male,36
8194,15671165,Esomchi,West,Female,66
8195,15620746,Lorenzo,West,Male,42
8196,15706537,Pirogov,East,Female,59
8197,15589312,Larkin,West,Male,30
8198,15741180,Eddy,West,Male,54
8199,15733888,Sells,Central,Female,36
8200,15798532,Crawford,West,Male,32
8201,15577359,Bezrukov,Central,Male,47
8202,15614936,Mancini,Central,Female,49
8203,15747647,Iadanza,Central,Female,27
8204,15588566,Wilkinson,Central,Male,33
8205,15570141,P'eng,West,Female,34
8206,15800793,St Clair,East,Female,39
8207,15572415,Preston,West,Male,34
8208,15635125,Findlay,Central,Male,63
8209,15636551,Nixon,West,Female,29
8210,15600912,Gorshkov,East,Male,32
8211,15768476,Chukwubuikem,Central,Male,31
8212,15650266,Medvedeva,East,Male,39
8213,15621004,Chukwuhaenye,West,Male,32
8214,15748352,Endrizzi,Central,Male,34
8215,15788920,Ch'ang,East,Female,32
8216,15743236,Piccio,West,Female,61
8217,15637717,Lockington,East,Male,41
8218,15635500,Seleznyov,East,Male,75
8219,15634792,Weston,West,Female,40
8220,15607560,Groom,West,Female,39
8221,15727177,Manfrin,West,Male,42
8222,15774358,Robertson,East,Male,59
8223,15791304,Ch'ang,East,Male,25
8224,15603328,Lucchesi,West,Male,27
8225,15804937,Cambage,West,Male,50
8226,15804142,Tan,Central,Female,57
8227,15608845,Tao,Central,Female,38
8228,15702434,Hsieh,West,Female,30
8229,15632609,Burdekin,West,Female,39
8230,15603550,Longo,East,Female,37
8231,15755239,Maughan,East,Male,32
8232,15670528,Franz,East,Male,43
8233,15732704,Piazza,Central,Male,25
8234,15589019,Morant,Central,Female,33
8235,15677796,Becher,East,Male,47
8236,15760177,Lombardi,Central,Male,37
8237,15636595,Loton,Central,Male,37
8238,15737275,Conti,West,Male,39
8239,15672905,Sani,Central,Female,40
8240,15753955,Lori,Central,Male,34
8241,15708504,Wong,East,Male,50
8242,15592451,Lombardi,West,Male,32
8243,15790455,Obialo,West,Female,50
8244,15572174,Mazzi,West,Male,29
8245,15656330,Von Doussa,Central,Female,32
8246,15569626,Miller,Central,Male,35
8247,15608726,Miracle,West,Male,24
8248,15637366,Su,East,Female,25
8249,15778049,Wyatt,East,Male,29
8250,15727421,Anayolisa,West,Female,38
8251,15688865,Wade,West,Female,35
8252,15751032,Enemuo,East,Female,37
8253,15734737,Bruno,West,Male,56
8254,15746515,Greece,West,Male,36
8255,15664311,Yang,East,Male,28
8256,15708139,Brown,West,Female,40
8257,15768574,Anderson,Central,Male,58
8258,15738018,Johnston,West,Male,40
8259,15699753,Zakharov,West,Male,41
8260,15703199,Golibe,Central,Male,38
8261,15627830,Nikitina,East,Female,30
8262,15570855,Leonard,West,Male,38
8263,15772503,Burns,West,Female,33
8264,15584453,Burtch,Central,Male,32
8265,15710111,Clark,West,Male,33
8266,15618562,Woodward,East,Female,40
8267,15706764,Spencer,West,Female,35
8268,15798737,Chao,West,Male,38
8269,15712608,Costa,East,Female,42
8270,15636736,McLachlan,West,Female,53
8271,15703544,Hung,Central,Male,34
8272,15815645,Akhtar,West,Male,37
8273,15705739,Toscani,East,Male,32
8274,15709643,Gray,West,Male,32
8275,15669805,Warren,East,Female,31
8276,15737489,Ramsden,Central,Female,46
8277,15775131,Bartlett,Central,Male,32
8278,15765283,Wenz,East,Female,40
8279,15628715,Kisch,West,Female,36
8280,15813283,Mai,West,Female,34
8281,15745716,McGregor,Central,Male,53
8282,15598485,Pinto,Central,Male,40
8283,15696552,Newman,West,Female,21
8284,15754569,Pagnotto,West,Male,57
8285,15701741,Williams,West,Female,39
8286,15572631,Ndubuisi,West,Male,25
8287,15636069,Plummer,Central,Male,28
8288,15682467,Chimezie,West,Female,36
8289,15790744,Nash,West,Female,34
8290,15625023,Onochie,West,Male,40
8291,15731267,Rizzo,West,Male,37
8292,15742879,Boni,Central,Male,38
8293,15757015,Davies,East,Female,41
8294,15770711,Lu,East,Female,28
8295,15569430,Burrows,Central,Female,36
8296,15617304,Ershova,West,Male,40
8297,15704466,Udokamma,West,Female,34
8298,15664681,Aitken,West,Female,35
8299,15605534,Turnbull,East,Female,51
8300,15792473,Reilly,East,Female,50
8301,15802625,Hardy,East,Male,48
8302,15766017,Brookman,East,Male,58
8303,15762172,Kerr,West,Female,39
8304,15728333,McBurney,West,Male,43
8305,15792868,Mickey,West,Male,69
8306,15605698,Harrison,West,Male,58
8307,15777060,Olszewski,West,Female,33
8308,15626243,Chijioke,West,Male,30
8309,15719898,Young,West,Male,36
8310,15599976,Bellasis,West,Female,27
8311,15752809,De Mestre,Central,Male,43
8312,15589698,De Luca,East,Male,42
8313,15609977,Mundy,West,Male,47
8314,15750121,Tung,West,Male,38
8315,15734177,Donahue,West,Male,33
8316,15781347,Okagbue,West,Female,41
8317,15592025,Nnaemeka,West,Male,53
8318,15670163,Verjus,West,Female,27
8319,15765402,H?,West,Female,39
8320,15624343,Napolitani,Central,Female,50
8321,15602354,Ginikanwa,East,Male,33
8322,15579183,Spaull,West,Male,64
8323,15584899,Siciliani,West,Female,35
8324,15723658,Voronina,Central,Female,30
8325,15803965,Tang,West,Male,55
8326,15682489,Crumbley,West,Male,27
8327,15813645,Hamilton,West,Female,36
8328,15766787,Piazza,West,Female,35
8329,15687171,Birch,Central,Male,34
8330,15690744,Custance,West,Male,43
8331,15707974,Anayochukwu,Central,Female,38
8332,15673084,Galkin,Central,Male,38
8333,15814772,Adams,East,Male,49
8334,15743709,Toomey,West,Male,30
8335,15610343,Marshall-Hall,West,Female,37
8336,15737414,Shen,West,Male,35
8337,15788480,Pagnotto,East,Female,33
8338,15568519,Wood,West,Male,41
8339,15792453,More,Central,Female,42
8340,15658100,Piccio,West,Female,42
8341,15695197,Tochukwu,East,Female,25
8342,15749807,Graham,Central,Female,31
8343,15773876,Tung,West,Female,34
8344,15591698,P'eng,East,Female,49
8345,15712813,Nevzorova,East,Male,43
8346,15763898,Toscani,Central,Female,46
8347,15793324,McKenzie,Central,Male,32
8348,15757759,Okwuoma,Central,Female,28
8349,15796230,Morley,East,Female,36
8350,15611729,Kerr,East,Male,39
8351,15709531,Harding,West,Male,38
8352,15650751,Butler,West,Female,30
8353,15641413,Crawford,East,Female,49
8354,15753840,Brown,Central,Female,32
8355,15669994,Greece,East,Female,31
8356,15695301,Matthews,Central,Male,44
8357,15792004,Heath,Central,Female,26
8358,15603035,Vincent,West,Male,34
8359,15717286,Sal,Central,Female,40
8360,15577107,Milne,Central,Female,22
8361,15754747,Bazile,East,Male,33
8362,15705676,Wardle,West,Female,35
8363,15751912,Lilly,West,Male,36
8364,15677336,Aitken,East,Male,57
8365,15684395,Enderby,Central,Female,45
8366,15659949,Chiu,West,Male,31
8367,15812422,Ugorji,West,Male,41
8368,15806941,Sharpe,West,Male,60
8369,15637690,Houghton,East,Female,34
8370,15632882,Konovalova,East,Male,37
8371,15807107,Patel,West,Male,32
8372,15661034,Ngozichukwuka,East,Female,29
8373,15811958,Medland,East,Male,44
8374,15785167,Padovano,Central,Male,29
8375,15646720,Tsui,Central,Female,55
8376,15658614,H?,East,Female,38
8377,15704657,Denman,West,Male,39
8378,15567147,Ratten,Central,Male,40
8379,15701319,Baxter,East,Female,37
8380,15745266,Norman,Central,Male,55
8381,15650437,Shen,East,Male,32
8382,15764314,Reilly,East,Male,36
8383,15612594,Ifeanacho,Central,Male,25
8384,15593501,Graham,West,Female,36
8385,15804150,Lysaght,West,Male,34
8386,15649297,T'ang,West,Female,62
8387,15641110,Abron,West,Male,41
8388,15660608,Chimaraoke,West,Male,44
8389,15806570,Y?an,West,Female,53
8390,15715345,Sergeyeva,Central,Male,25
8391,15755521,Ma,West,Female,48
8392,15579074,Obiajulu,East,Male,38
8393,15641158,Belcher,East,Male,32
8394,15752507,K?,East,Male,60
8395,15597983,Brown,West,Male,69
8396,15586069,Abernathy,West,Female,30
8397,15655082,Pape,West,Female,48
8398,15720155,Tao,East,Male,29
8399,15582116,Ma,East,Female,45
8400,15749365,Earle,West,Female,34
8401,15632069,Kazantsev,West,Male,39
8402,15663134,Uspenskaya,Central,Male,58
8403,15766683,Coombes,East,Male,36
8404,15707219,Hopman,West,Female,28
8405,15709232,McKay,East,Female,47
8406,15801351,Milanesi,West,Male,40
8407,15578747,Chineze,Central,Male,26
8408,15675626,Dawson,West,Male,28
8409,15583736,Shih,East,Male,36
8410,15590011,Hughes,Central,Male,38
8411,15609913,Clark,West,Female,46
8412,15719479,Chukwuhaenye,Central,Female,56
8413,15575147,Wall,West,Male,22
8414,15597309,Howell,Central,Male,36
8415,15648367,Lo,East,Female,29
8416,15758031,Lazarev,Central,Male,38
8417,15751771,Lowe,East,Male,32
8418,15689288,Folliero,West,Female,26
8419,15731026,Han,East,Female,39
8420,15775809,Holloway,East,Female,26
8421,15743076,Pai,Central,Male,29
8422,15658258,Trejo,West,Male,43
8423,15756321,Johnston,Central,Female,52
8424,15706799,Macknight,Central,Male,44
8425,15775703,Lo,West,Male,26
8426,15642636,Glossop,West,Male,29
8427,15704651,Bishop,West,Male,26
8428,15806771,Yefremova,West,Female,40
8429,15566735,Obialo,East,Female,36
8430,15681671,Nkemjika,East,Male,28
8431,15775949,Trevisani,West,Female,38
8432,15586752,Parkes,East,Male,33
8433,15582519,Seleznyov,West,Male,47
8434,15658233,Naylor,West,Female,41
8435,15755330,Forbes,East,Male,41
8436,15605072,Douglas,West,Female,43
8437,15617538,Nwankwo,Central,Male,40
8438,15591428,Myers,West,Male,29
8439,15692142,Rogova,East,Female,48
8440,15692931,Hsing,West,Male,22
8441,15781127,Giordano,Central,Female,33
8442,15677136,Okwukwe,West,Female,23
8443,15677828,Chalmers,West,Female,34
8444,15567897,Chiazagomekpere,East,Male,23
8445,15793641,Evseyev,West,Female,70
8446,15678333,Parry-Okeden,West,Female,26
8447,15630511,Picot,West,Female,33
8448,15792627,Reid,Central,Female,33
8449,15717191,Ferri,West,Male,49
8450,15625716,Genovesi,West,Female,33
8451,15710053,Neumayer,East,Female,44
8452,15580043,Murray,Central,Female,22
8453,15601410,Tien,Central,Female,46
8454,15684669,Parkes,West,Female,41
8455,15619083,Yip,West,Female,35
8456,15692207,Ingle,West,Female,53
8457,15730705,Chidubem,West,Male,37
8458,15749688,Lu,West,Male,32
8459,15728542,Vorobyova,West,Female,71
8460,15760063,Chiedozie,Central,Male,23
8461,15658982,Napolitani,East,Female,28
8462,15758769,Coffey,West,Female,44
8463,15778481,Chigbogu,West,Male,59
8464,15661162,Akabueze,Central,Male,49
8465,15568164,Istomin,West,Female,34
8466,15601569,Ndubueze,West,Female,40
8467,15772383,Toscani,West,Male,36
8468,15667456,Ross,Central,Male,62
8469,15672983,Fernando,Central,Female,27
8470,15799534,McClaran,West,Male,71
8471,15582847,Yermakova,West,Male,26
8472,15612478,Somadina,West,Male,51
8473,15709621,Wan,West,Male,31
8474,15802009,Mazzi,West,Female,33
8475,15698816,Tuan,Central,Female,33
8476,15574830,Townsley,East,Male,58
8477,15603082,Yashina,West,Male,51
8478,15685947,Henderson,East,Male,42
8479,15643048,Mueller,West,Male,66
8480,15807568,Wright,West,Male,50
8481,15597591,Lung,West,Male,29
8482,15747558,Bryant,Central,Female,38
8483,15756655,Madukaife,West,Female,34
8484,15589949,Maclean,Central,Male,34
8485,15601012,Abdullah,West,Female,60
8486,15724269,Yao,West,Male,25
8487,15567506,Cheatham,East,Female,40
8488,15791877,Gallagher,East,Male,34
8489,15794360,Hao,East,Female,70
8490,15686538,Nixon,West,Female,41
8491,15585985,Wang,West,Male,48
8492,15699257,Kerr,Central,Male,42
8493,15804104,Romani,West,Male,28
8494,15727619,Lock,East,Female,46
8495,15740237,Millar,East,Male,36
8496,15801436,K'ung,West,Male,42
8497,15705735,Onyekachi,Central,Male,43
8498,15649359,Somayina,West,Male,36
8499,15624892,Dennis,East,Male,37
8500,15784918,Brown,East,Male,35
8501,15584785,Ogochukwu,West,Male,37
8502,15797197,Macleod,Central,Male,29
8503,15574858,Page,West,Male,37
8504,15794101,Barese,West,Female,48
8505,15743245,Agafonova,West,Male,42
8506,15791535,Caraway,West,Male,28
8507,15605215,Stevenson,West,Male,48
8508,15771749,Duncan,East,Female,38
8509,15616833,Wang,Central,Male,27
8510,15750728,Kaur,Central,Female,42
8511,15769353,Jenkins,West,Female,40
8512,15770091,Edwards,East,Male,28
8513,15716420,Kelly,Central,Male,39
8514,15740602,Boyle,East,Female,27
8515,15796071,Loane,Central,Male,29
8516,15811389,Padovano,East,Female,35
8517,15783875,Li Fonti,West,Female,34
8518,15671800,Robinson,West,Male,20
8519,15677288,Geach,West,Male,50
8520,15633525,Payne,West,Male,29
8521,15634606,Chinonyelum,Central,Male,52
8522,15579207,Watkins,West,Male,37
8523,15619892,Page,Central,Male,18
8524,15567778,Genovese,East,Female,54
8525,15711750,Watson,West,Female,34
8526,15751084,Mancini,West,Female,29
8527,15768945,Chibueze,West,Male,27
8528,15586931,Hunter,Central,Male,39
8529,15636353,Buchi,Central,Male,35
8530,15623858,Charteris,West,Male,45
8531,15703354,Aksenov,West,Female,33
8532,15663987,Wright,Central,Male,30
8533,15780805,Lu,West,Female,35
8534,15768566,K?,West,Male,34
8535,15643229,Hou,West,Female,31
8536,15754940,Descoteaux,Central,Male,43
8537,15676576,Stephenson,West,Female,43
8538,15800068,Cooper,Central,Female,46
8539,15648030,Crump,Central,Female,33
8540,15668594,Diggs,East,Female,25
8541,15728709,Shih,East,Male,40
8542,15724181,Hudson,Central,Male,47
8543,15647546,Carvosso,East,Female,40
8544,15702601,Wyatt,East,Male,30
8545,15567725,Kodilinyechukwu,West,Female,46
8546,15674179,Vorobyova,East,Male,34
8547,15686957,Piccio,East,Male,35
8548,15607690,Hsing,East,Male,47
8549,15806546,Lucas,Central,Male,46
8550,15632850,T'ang,West,Male,37
8551,15709016,North,East,Female,47
8552,15638068,Thompson,Central,Male,32
8553,15749345,Simpson,West,Female,22
8554,15791321,Nwora,Central,Female,58
8555,15699095,Chandler,West,Female,24
8556,15638329,Uspensky,East,Male,25
8557,15575445,Ferguson,Central,Male,41
8558,15752622,Kerr,West,Female,32
8559,15774507,Furneaux,West,Female,39
8560,15570857,Kambinachi,East,Female,39
8561,15599386,Black,East,Male,28
8562,15744913,Chizoba,Central,Male,36
8563,15647292,Peng,West,Male,63
8564,15728838,Leach,West,Male,45
8565,15584704,Chiazagomekpele,West,Male,48
8566,15749068,Nickson,West,Female,40
8567,15622985,Lin,West,Female,39
8568,15587676,Alexeieva,West,Male,30
8569,15779496,Sykes,West,Male,64
8570,15733460,Martin,Central,Male,36
8571,15711457,Herz,West,Female,28
8572,15795290,Nikitina,West,Female,42
8573,15611223,Ko,East,Female,38
8574,15794159,Highett,West,Female,26
8575,15780677,Jackson,West,Female,59
8576,15690175,Ball,Central,Male,45
8577,15722599,Nelson,West,Female,37
8578,15569976,Woronoff,East,Male,65
8579,15707011,Morrison,West,Male,47
8580,15702277,Smith,West,Male,34
8581,15801915,Rendall,West,Female,31
8582,15580213,McIntyre,West,Female,43
8583,15637947,Wei,Central,Male,32
8584,15715888,Allardyce,West,Female,38
8585,15732967,Cremonesi,West,Male,19
8586,15737047,Weatherford,West,Female,45
8587,15694039,Jen,East,Female,46
8588,15649457,Macleod,East,Male,41
8589,15742809,Mironova,Central,Female,29
8590,15637829,Sharpe,West,Female,34
8591,15633194,Osborne,West,Female,41
8592,15611635,Chu,Central,Female,39
8593,15638774,Chong,Central,Female,40
8594,15722037,Alvarez,East,Male,36
8595,15672930,Palerma,Central,Male,37
8596,15668774,Chiemenam,East,Female,23
8597,15780966,Pritchard,West,Female,32
8598,15659694,Wallis,East,Female,53
8599,15624424,Palerma,Central,Female,49
8600,15708713,Hill,West,Male,35
8601,15755405,Hudson,West,Male,43
8602,15647570,Chung,East,Male,45
8603,15684348,Zhdanova,West,Male,63
8604,15702541,Fraser,West,Female,59
8605,15646942,Meng,Central,Female,39
8606,15748920,Cherkasova,West,Female,49
8607,15694581,Rawlings,Central,Male,42
8608,15643215,Jen,East,Male,38
8609,15649060,Chien,East,Female,31
8610,15774258,Gorbunov,West,Male,40
8611,15731553,Lucas,West,Male,23
8612,15617029,Young,Central,Female,30
8613,15780716,Colombo,East,Male,39
8614,15577018,Tsao,East,Female,26
8615,15809515,Lewis,East,Male,32
8616,15789924,Hussain,West,Female,39
8617,15725076,Anderson,Central,Female,27
8618,15672481,Ulyanov,West,Male,37
8619,15574115,Shaw,Central,Female,41
8620,15661830,Lucciano,Central,Female,36
8621,15665879,Gordon,West,Female,40
8622,15673820,Woodward,West,Male,33
8623,15747772,Cunningham,East,Male,36
8624,15666197,Boni,East,Female,38
8625,15773639,Truscott,East,Male,35
8626,15581893,Ginikanwa,West,Male,43
8627,15672447,Bailey,East,Male,40
8628,15777830,Hutchinson,West,Female,42
8629,15713890,Maclean,West,Male,44
8630,15577598,Chiang,Central,Male,23
8631,15786042,Willmore,East,Female,44
8632,15753462,Godson,East,Male,30
8633,15759690,Smith,West,Male,42
8634,15801414,Bitter,West,Female,35
8635,15656141,Ts'ao,West,Male,39
8636,15608701,Chialuka,East,Male,29
8637,15582892,Scott,West,Male,46
8638,15632967,Feng,West,Male,34
8639,15587573,Castiglione,East,Male,27
8640,15654891,He,West,Male,30
8641,15611365,Fanucci,West,Female,32
8642,15749103,Ginikanwa,East,Female,47
8643,15810203,Manning,East,Female,44
8644,15813660,Forlonge,Central,Male,40
8645,15605673,Liang,Central,Female,29
8646,15669282,Uchechukwu,West,Female,20
8647,15792726,Sung,West,Female,25
8648,15593241,Tochukwu,West,Male,43
8649,15683053,Reyna,Central,Female,48
8650,15632736,Liang,East,Female,30
8651,15731865,Unwin,West,Male,27
8652,15760450,Rutherford,West,Male,43
8653,15787204,Howe,Central,Female,43
8654,15650454,Tran,West,Male,57
8655,15573730,Thompson,East,Male,42
8656,15705050,Linger,West,Male,30
8657,15791342,Johnston,Central,Male,31
8658,15684316,Udokamma,West,Male,43
8659,15700540,Barrera,East,Female,38
8660,15770631,Sutherland,Central,Male,25
8661,15790594,Bednall,West,Female,27
8662,15604020,Otoole,East,Female,36
8663,15637599,Cremonesi,East,Female,44
8664,15736578,Hamilton,West,Male,39
8665,15666332,Donaldson,Central,Female,48
8666,15727291,McKay,West,Female,40
8667,15785920,Black,East,Male,35
8668,15658987,Kane,West,Female,46
8669,15687719,She,Central,Female,37
8670,15799641,Bruno,Central,Male,39
8671,15758702,Watson,West,Female,55
8672,15689526,Shih,East,Female,35
8673,15586848,Rose,West,Male,38
8674,15707637,Zikoranachukwudimma,West,Female,56
8675,15719426,Cole,West,Male,67
8676,15639265,Isaacs,West,Male,54
8677,15576124,Muravyova,West,Male,41
8678,15757829,Timperley,East,Female,40
8679,15633227,Kenechukwu,West,Female,28
8680,15753092,He,East,Male,35
8681,15782939,Storey,West,Male,42
8682,15746338,Onyekachukwu,West,Female,40
8683,15590676,Kharlamova,West,Male,34
8684,15599329,Christopher,West,Female,49
8685,15783097,Lombardo,East,Male,27
8686,15597885,Kerr,West,Male,43
8687,15597467,Duncan,West,Female,71
8688,15724764,Lawley,East,Female,42
8689,15778418,Burns,East,Male,40
8690,15684769,Whitson,West,Male,67
8691,15756167,Doyne,Central,Female,43
8692,15632439,Pinto,West,Female,39
8693,15755138,Chin,West,Female,32
8694,15659092,Davide,West,Female,50
8695,15742116,Torres,East,Female,48
8696,15801994,Buccho,West,Male,31
8697,15647572,Greece,Central,Male,34
8698,15644551,Wimble,Central,Female,37
8699,15709135,Pirozzi,East,Male,30
8700,15684469,Hsiung,East,Male,32
8701,15627637,Obioma,East,Male,23
8702,15667093,Onio,West,Male,37
8703,15690589,Udinesi,West,Male,37
8704,15595350,Fermin,West,Female,31
8705,15777586,Moss,Central,Female,42
8706,15804064,Docherty,West,Female,35
8707,15717770,Marcelo,Central,Female,55
8708,15754443,Fadden,West,Female,35
8709,15776939,Zox,East,Female,48
8710,15713517,Otitodilinna,West,Male,39
8711,15683522,Kennedy,East,Female,37
8712,15673995,Tu,Central,Female,65
8713,15771054,Barnes,Central,Male,35
8714,15578788,Bibi,Central,Male,40
8715,15737408,L?,West,Female,41
8716,15750837,Landseer,East,Male,41
8717,15576022,Nwachinemelu,West,Male,38
8718,15635502,Ch'iu,West,Male,44
8719,15627298,Vinogradova,West,Male,37
8720,15811415,Jenks,West,Female,44
8721,15645059,Crace,West,Female,28
8722,15689671,Packham,Central,Male,27
8723,15718667,T'ien,West,Male,35
8724,15803202,Onyekachi,West,Male,51
8725,15593683,Solomina,Central,Female,30
8726,15703394,Hawes,Central,Male,27
8727,15570289,Benson,East,Male,43
8728,15567437,Emenike,East,Female,30
8729,15711687,Nero,West,Male,41
8730,15656592,Toscano,East,Male,48
8731,15634373,Yang,West,Male,30
8732,15769125,Palerma,Central,Female,41
8733,15711386,Trentini,West,Female,29
8734,15714241,Haddon,Central,Male,42
8735,15642530,Coates,East,Female,47
8736,15713599,Castiglione,West,Male,30
8737,15744770,Stone,West,Male,44
8738,15780498,Maynard,West,Male,34
8739,15624397,Moore,West,Male,43
8740,15615219,Obielumani,West,Male,59
8741,15570908,Harding,Central,Female,29
8742,15762855,Hill,Central,Female,23
8743,15661827,Brown,Central,Female,45
8744,15746035,Pagnotto,Central,Male,25
8745,15691906,Esposito,East,Female,49
8746,15793424,Tan,Central,Female,28
8747,15577905,Hammond,West,Male,34
8748,15667216,Chung,West,Female,29
8749,15673971,Houghton,East,Female,44
8750,15701238,Chia,West,Male,47
8751,15644849,Zikoranachidimma,West,Female,32
8752,15635531,Boag,Central,Female,30
8753,15632263,Pagnotto,Central,Male,30
8754,15720110,Oluchukwu,West,Male,32
8755,15619045,Baxter,West,Female,43
8756,15697510,Tien,Central,Female,52
8757,15784923,Chimezie,East,Female,37
8758,15567383,Slone,East,Female,44
8759,15732621,Martin,West,Male,34
8760,15757981,Loggia,West,Male,66
8761,15727819,Hartley,Central,Female,34
8762,15738088,Parkin,Central,Male,63
8763,15765173,Lin,West,Female,60
8764,15665159,Brooks,West,Male,61
8765,15618203,Tien,East,Male,51
8766,15791452,Dann,West,Male,39
8767,15638159,Trentino,Central,Female,36
8768,15585466,Russo,West,Male,29
8769,15677310,Christie,East,Male,62
8770,15646262,Ross,West,Male,31
8771,15656901,Nnonso,West,Male,59
8772,15621093,Teng,East,Male,31
8773,15592123,Buccho,West,Male,30
8774,15589200,Madukaife,Central,Male,34
8775,15602934,Dunn,West,Female,33
8776,15812720,Hooker,East,Male,37
8777,15695383,Griffin,Central,Male,44
8778,15723064,Kistler,Central,Male,24
8779,15761606,Law,Central,Female,37
8780,15650322,Grigoryeva,West,Female,34
8781,15669782,Chu,East,Male,39
8782,15751628,Onyemachukwu,West,Male,60
8783,15809057,Lu,Central,Female,27
8784,15617052,Watson,West,Male,34
8785,15590810,Fallaci,East,Female,41
8786,15801293,Ni,East,Male,27
8787,15770968,Leason,East,Female,19
8788,15572356,Tsai,Central,Male,73
8789,15603247,Bruner,East,Female,35
8790,15619116,Wallace,West,Female,36
8791,15691792,Young,Central,Male,35
8792,15783276,Forbes,West,Female,25
8793,15766137,Muir,West,Male,34
8794,15574554,Pugh,East,Male,66
8795,15578671,Webb,Central,Female,29
8796,15716608,Walker,Central,Male,38
8797,15690670,Cox,West,Male,33
8798,15630466,Maclean,West,Male,45
8799,15630349,Hollis,Central,Male,23
8800,15803801,Jamieson,West,Male,34
8801,15647890,Su,West,Male,37
8802,15606115,P'eng,West,Female,52
8803,15714642,Hawkins,Central,Female,40
8804,15741181,Ndubuagha,West,Male,41
8805,15773973,Hill,West,Male,41
8806,15758546,Norton,Central,Male,39
8807,15598940,Achebe,East,Male,38
8808,15669783,Simpson,West,Female,60
8809,15624993,Chiang,West,Female,36
8810,15760568,Dalrymple,East,Female,38
8811,15699047,Chukwuemeka,West,Female,21
8812,15616168,Ojiofor,West,Female,35
8813,15773146,Rubeo,West,Male,26
8814,15770375,Fanucci,East,Female,26
8815,15589725,Zubarev,West,Female,51
8816,15710034,T'ao,East,Male,43
8817,15800806,Pai,Central,Male,31
8818,15570485,Udegbunam,Central,Male,40
8819,15575391,Claypool,West,Female,37
8820,15790750,Manfrin,East,Male,36
8821,15714832,Baker,East,Male,36
8822,15619953,Efremov,Central,Female,42
8823,15673929,Chin,West,Male,64
8824,15578835,Brookes,Central,Female,50
8825,15752388,Doyle,Central,Female,35
8826,15797081,Ajuluchukwu,East,Female,49
8827,15570194,Ikemefuna,West,Male,29
8828,15580149,Fowler,Central,Male,41
8829,15777708,Liao,Central,Female,38
8830,15769955,Onuora,West,Female,40
8831,15810444,Aksenov,East,Female,39
8832,15645593,Trevisani,West,Female,41
8833,15765345,Wood,West,Male,35
8834,15760873,Lombardo,West,Male,50
8835,15794178,Walpole,West,Male,34
8836,15589361,Chikwendu,Central,Male,34
8837,15662483,Ko,West,Male,43
8838,15809736,Steigrad,West,Male,46
8839,15731148,Isayeva,West,Male,33
8840,15774328,Boni,East,Male,40
8841,15646969,Anayolisa,Central,Male,33
8842,15718769,Fallaci,Central,Male,36
8843,15610226,Fenton,West,Female,27
8844,15616270,Chao,Central,Male,42
8845,15790717,Osinachi,Central,Male,35
8846,15635703,Chu,East,Female,39
8847,15616365,Obiuto,West,Female,53
8848,15630244,Chu,West,Male,40
8849,15734714,Nash,West,Female,29
8850,15721433,Hixson,West,Female,38
8851,15590201,Fiorentini,Central,Female,50
8852,15590828,Chidimma,East,Male,42
8853,15752097,Chiazagomekpere,Central,Male,38
8854,15800031,Laura,West,Male,43
8855,15630857,Wu,Central,Female,39
8856,15689953,Toscani,Central,Male,43
8857,15759733,McMillan,West,Female,26
8858,15810826,Chiekwugo,West,Male,36
8859,15668009,Hendley,Central,Male,37
8860,15743456,Birnie,West,Female,32
8861,15725762,Kemp,West,Male,24
8862,15761713,Johnstone,West,Female,43
8863,15769246,Lo Duca,East,Male,59
8864,15781129,Montgomery,Central,Male,38
8865,15599124,Miller,West,Female,29
8866,15639004,Chiemezie,West,Male,72
8867,15810995,Wright,East,Male,34
8868,15653773,Shaw,West,Female,38
8869,15708357,Chapman,Central,Female,38
8870,15733597,Y?an,West,Female,41
8871,15789560,Clark,West,Male,42
8872,15699524,Howells,West,Female,30
8873,15626475,Gamble,West,Male,30
8874,15810839,Rogers,West,Male,34
8875,15684318,McMillan,East,Female,50
8876,15768120,Brown,East,Male,36
8877,15712807,Robertson,Central,Male,46
8878,15696371,Thomas,Central,Female,24
8879,15675794,Hsing,East,Male,47
8880,15774277,Chiu,West,Male,43
8881,15603764,Chang,West,Male,49
8882,15618647,Kornilova,West,Male,29
8883,15614643,Chifo,Central,Female,39
8884,15707696,Lu,Central,Female,28
8885,15749583,Bellucci,East,Female,38
8886,15815125,Michael,Central,Male,45
8887,15779620,Sinclair,West,Male,36
8888,15768233,Chukwuebuka,East,Male,37
8889,15637788,Schmidt,West,Male,23
8890,15777046,Parry,West,Female,39
8891,15788723,McIntyre,East,Female,49
8892,15790489,Lo Duca,Central,Male,34
8893,15739476,Ferrari,West,Female,32
8894,15612670,Berry,Central,Female,46
8895,15631222,Cattaneo,West,Female,39
8896,15658972,Foster,West,Female,40
8897,15724691,Gordon,West,Male,34
8898,15740442,May,West,Male,51
8899,15760427,Cameron,West,Male,40
8900,15677939,Ch'eng,West,Female,41
8901,15611599,Curtis,West,Female,71
8902,15633474,Whitehead,West,Male,51
8903,15671973,Chukwuemeka,Central,Male,39
8904,15790019,Onwughara,West,Male,35
8905,15737735,Grant,Central,Male,40
8906,15661745,Browne,West,Male,36
8907,15797065,Goloubev,Central,Female,32
8908,15710671,Gordon,West,Male,34
8909,15656522,Sutherland,Central,Male,32
8910,15705085,Quesada,Central,Female,29
8911,15744873,Wright,East,Female,48
8912,15781914,Simmons,East,Male,32
8913,15637354,Yobachukwu,West,Female,24
8914,15717307,Read,West,Male,31
8915,15746695,Wunder,West,Female,39
8916,15804962,Nnaife,West,Male,36
8917,15665378,Shen,West,Female,46
8918,15757865,Powell,West,Male,62
8919,15578787,Goddard,West,Female,52
8920,15794323,Buckley,West,Male,32
8921,15697546,McIntyre,West,Female,36
8922,15629519,Yen,West,Female,37
8923,15624703,Okonkwo,East,Male,35
8924,15570002,Burlingame,East,Female,55
8925,15808566,Hs?,West,Male,46
8926,15805463,Board,East,Male,32
8927,15709136,Adams,West,Male,28
8928,15801605,Rizzo,West,Female,39
8929,15567855,Chukwufumnanya,West,Female,29
8930,15675141,Fraser,West,Female,35
8931,15665759,Russell,West,Female,69
8932,15761487,Yefimova,West,Female,55
8933,15700394,Palermo,Central,Female,26
8934,15631162,Bergamaschi,West,Male,32
8935,15630641,Shao,West,Female,37
8936,15585066,Chimaraoke,West,Female,43
8937,15722991,McGregor,West,Male,54
8938,15737404,Kesteven,West,Male,31
8939,15722409,Ritchie,Central,Male,47
8940,15806420,Jenks,West,Male,34
8941,15658148,Udokamma,West,Male,38
8942,15810660,Boyle,East,Male,34
8943,15709780,Azuka,West,Female,37
8944,15727350,Pai,West,Female,37
8945,15752312,Howells,Central,Male,49
8946,15616745,Hs?,Central,Male,35
8947,15572294,Kelly,West,Male,28
8948,15674110,Walton,West,Female,43
8949,15662501,Ebelechukwu,West,Male,48
8950,15649239,Vasilieva,Central,Male,46
8951,15700424,Hsiao,West,Female,35
8952,15636388,Abrego,East,Female,23
8953,15713975,Gibson,East,Female,47
8954,15592925,Giordano,Central,Male,42
8955,15581626,Mancini,West,Male,54
8956,15641319,Afanasyeva,Central,Male,50
8957,15723481,Wright,Central,Male,42
8958,15787825,Okwudiliolisa,East,Male,37
8959,15710726,Hughes,West,Male,52
8960,15627195,Parrott,East,Male,26
8961,15657957,Hughes,East,Female,26
8962,15676117,Zinachukwudi,West,Male,44
8963,15607874,Keane,West,Male,38
8964,15796993,McCollum,West,Male,52
8965,15649858,Simpson,Central,Male,37
8966,15811032,Gambrell,East,Female,58
8967,15679963,Moretti,East,Male,43
8968,15579131,Ricci,West,Male,25
8969,15572428,Rieke,East,Female,33
8970,15622461,Ndubuagha,West,Female,51
8971,15636105,Chung,Central,Male,61
8972,15583849,Ts'ai,West,Male,40
8973,15718780,Cox,Central,Female,32
8974,15739271,Lei,East,Male,33
8975,15697129,Ulyanova,Central,Female,43
8976,15763415,Gray,East,Male,41
8977,15796617,McGregor,West,Male,29
8978,15626628,Tretiakova,Central,Female,31
8979,15765857,Genovesi,Central,Male,41
8980,15742511,Gordon,West,Male,35
8981,15786433,Aitken,East,Female,35
8982,15685805,Ginikanwa,Central,Female,35
8983,15627971,Coates,West,Female,32
8984,15783025,Piazza,East,Male,37
8985,15726289,Cawood,West,Male,25
8986,15802118,Ignatieff,Central,Male,41
8987,15607990,Gallo,Central,Male,43
8988,15695932,Yelverton,Central,Male,36
8989,15812279,William,West,Male,37
8990,15687558,Mault,East,Female,31
8991,15729065,Mackay,East,Male,28
8992,15698902,McIntyre,East,Female,42
8993,15570192,Henry,East,Female,40
8994,15809265,Kao,West,Female,35
8995,15745201,Frewin,West,Female,43
8996,15580623,Yefremova,Central,Male,28
8997,15578156,Anenechukwu,Central,Male,32
8998,15631063,Trentino,West,Female,33
8999,15692577,Tomlinson,East,Female,38
9000,15810910,Royston,Central,Female,38
9001,15723217,Cremonesi,West,Male,37
9002,15733111,Yeh,Central,Male,32
9003,15610727,Ch'in,West,Male,36
9004,15792720,Martinez,West,Male,33
9005,15723153,Wearing,Central,Male,33
9006,15802823,Maclean,Central,Female,38
9007,15756118,T'ao,Central,Male,20
9008,15684934,Rose,West,Male,31
9009,15776936,Whitworth,West,Male,40
9010,15729087,Suttor,East,Male,54
9011,15786463,Hsing,East,Female,59
9012,15717498,Boni,West,Male,42
9013,15718406,Marshall,West,Male,41
9014,15799468,Catchpole,West,Female,34
9015,15626383,Tang,Central,Male,60
9016,15597385,Siddons,Central,Male,41
9017,15570271,Wan,Central,Male,31
9018,15690330,Efimov,East,Female,40
9019,15680611,Rose,West,Male,67
9020,15810227,Fanucci,West,Male,34
9021,15807194,Iweobiegbulam,Central,Male,34
9022,15712199,Ijendu,East,Female,61
9023,15694995,O'Sullivan,West,Male,23
9024,15723400,Hutchinson,West,Male,28
9025,15654772,Kwemto,West,Female,47
9026,15574743,Chiu,Central,Male,29
9027,15807593,Berry,Central,Female,36
9028,15686718,Hung,East,Male,37
9029,15695299,Mordvinova,West,Female,45
9030,15722701,Bruno,East,Male,18
9031,15799635,Arbour,Central,Male,51
9032,15742323,Barese,West,Male,39
9033,15658435,Hingston,West,Female,27
9034,15586029,Davis,East,Male,34
9035,15772337,Lawrence,East,Female,49
9036,15807555,Chung,West,Male,45
9037,15603378,Padovano,West,Female,36
9038,15792862,Blinova,East,Male,41
9039,15657349,Carter,East,Female,50
9040,15777614,Webb,Central,Female,44
9041,15653952,T'an,East,Female,38
9042,15724336,Yates,East,Female,49
9043,15689594,Su,West,Male,29
9044,15801920,Christian,East,Male,39
9045,15653347,Chiu,Central,Male,47
9046,15749951,Sacco,East,Male,27
9047,15648178,Lettiere,East,Female,23
9048,15738662,Daluchi,East,Male,41
9049,15640855,T'ien,East,Male,40
9050,15584288,Hung,West,Female,33
9051,15760988,Liu,East,Male,33
9052,15569624,Feng,East,Female,31
9053,15597949,Gilbert,East,Female,47
9054,15604551,Robb,West,Female,35
9055,15617476,Manfrin,West,Female,30
9056,15645323,Chinwenma,West,Male,55
9057,15793311,Smith,East,Female,46
9058,15764153,Rowe,West,Female,33
9059,15802560,Moran,Central,Female,48
9060,15728608,Walker,East,Female,34
9061,15770474,Myers,West,Female,33
9062,15724444,Wall,West,Female,38
9063,15753110,McKay,Central,Male,64
9064,15711521,Egobudike,West,Male,39
9065,15632816,Williams,East,Female,49
9066,15693637,Ochoa,West,Female,30
9067,15725509,Otutodilinna,East,Male,30
9068,15684645,Ajuluchukwu,East,Male,41
9069,15692235,Bellucci,West,Female,38
9070,15777459,Gordon,Central,Female,32
9071,15656937,Johnston,Central,Male,26
9072,15610643,De Luca,East,Male,44
9073,15777315,Hill,West,Male,43
9074,15611058,Eluemuno,East,Female,60
9075,15630413,Howarth,West,Female,41
9076,15635942,Thomson,West,Male,40
9077,15648858,King,West,Female,27
9078,15810732,Grant,West,Female,36
9079,15705448,Gilbert,East,Male,52
9080,15730488,Richmond,Central,Female,27
9081,15620443,Fiorentino,West,Female,81
9082,15741078,Greece,West,Male,54
9083,15753161,Dickson,West,Female,36
9084,15711396,Henderson,Central,Male,40
9085,15593499,Stevens,Central,Female,47
9086,15579189,Mitchell,West,Female,42
9087,15743545,Nworie,Central,Female,29
9088,15791316,Boni,West,Male,35
9089,15608246,Wentcher,East,Female,36
9090,15676526,Bentley,West,Female,34
9091,15813911,Hayes-Williams,West,Female,39
9092,15630195,Johnstone,West,Female,40
9093,15736250,Johnstone,West,Male,38
9094,15671334,Nixon,West,Male,31
9095,15574169,Trevisano,East,Female,32
9096,15718839,Tsui,East,Female,38
9097,15762331,Moss,West,Male,37
9098,15606901,Graham,West,Male,43
9099,15713559,Onyemauchechukwu,East,Female,32
9100,15768881,Saunders,West,Male,29
9101,15743075,Ko,West,Male,35
9102,15660980,Cairns,Central,Male,38
9103,15810942,Chiemela,East,Female,61
9104,15728362,Robertson,West,Female,29
9105,15683339,P'eng,Central,Female,34
9106,15685476,Tseng,West,Male,31
9107,15663650,Russell,East,Male,52
9108,15617434,Yen,Central,Male,38
9109,15622470,Yeh,Central,Male,41
9110,15703682,Kalinina,Central,Male,33
9111,15727391,Collier,East,Male,29
9112,15711062,Thomas,East,Male,40
9113,15567339,Shaw,West,Male,73
9114,15760662,Francis,East,Female,29
9115,15605737,George,West,Male,36
9116,15692977,Ikenna,East,Female,36
9117,15672082,Schatz,West,Male,62
9118,15600280,Tao,West,Female,32
9119,15804052,Scott,Central,Male,23
9120,15576065,Sims,Central,Female,40
9121,15796838,Chibugo,Central,Male,58
9122,15693526,Ku,West,Female,40
9123,15748595,Stanton,West,Female,29
9124,15679029,Kung,West,Male,33
9125,15753639,Gibson,West,Male,37
9126,15604138,Iheanacho,Central,Male,34
9127,15666095,Costa,Central,Male,51
9128,15643487,Sal,Central,Male,39
9129,15764033,Lin,East,Female,43
9130,15747288,Ferri,Central,Female,40
9131,15790599,Yin,East,Female,39
9132,15737705,Avdeyeva,West,Female,27
9133,15737194,Tu,West,Female,33
9134,15726776,Donnelly,Central,Male,36
9135,15804357,Loggia,West,Male,40
9136,15664432,Chao,Central,Female,49
9137,15688984,Belonwu,West,Male,20
9138,15583026,Welch,West,Female,38
9139,15771668,Henderson,West,Male,59
9140,15779904,Yobanna,West,Female,29
9141,15784323,Gallo,West,Female,21
9142,15756277,Wilson,East,Female,43
9143,15663312,Marino,West,Female,35
9144,15793197,Bailey,West,Female,34
9145,15731463,Gboliwe,East,Male,43
9146,15621768,Chukwuhaenye,Central,Male,45
9147,15691323,Bianchi,East,Male,40
9148,15781326,Ford,West,Male,35
9149,15595640,Rizzo,West,Male,37
9150,15814331,Lung,East,Female,43
9151,15602030,Ramirez,West,Male,28
9152,15747974,Sabbatini,West,Male,49
9153,15611315,Ts'ao,East,Female,23
9154,15636977,Trevisan,East,Male,36
9155,15690337,Chinwenma,West,Female,27
9156,15680666,Berry,Central,Female,39
9157,15679551,Colombo,Central,Female,46
9158,15778915,Harris,West,Female,32
9159,15568849,Bryan,Central,Female,31
9160,15747762,Chigozie,West,Male,32
9161,15753679,Mullawirraburka,West,Male,24
9162,15750049,Steele,West,Male,40
9163,15606097,Zakharov,East,Male,63
9164,15802368,Ch'eng,West,Female,47
9165,15767488,Berry,Central,Male,36
9166,15669946,Jen,East,Female,46
9167,15612103,Wang,East,Female,35
9168,15645353,Chubb,West,Male,26
9169,15650018,Chen,West,Female,43
9170,15659002,Mazzanti,West,Female,45
9171,15616028,T'ao,West,Male,30
9172,15660475,Ndubueze,West,Female,54
9173,15652615,Ferri,West,Male,39
9174,15653572,Thornton,Central,Male,43
9175,15628059,DeRose,West,Male,61
9176,15703413,Montes,West,Female,38
9177,15610433,Kwemto,West,Male,35
9178,15770548,Lucchese,East,Female,28
9179,15645637,Huggins,East,Female,39
9180,15590888,Wade,Central,Female,34
9181,15568326,Kenenna,West,Female,44
9182,15655368,Wheeler,West,Male,47
9183,15665579,Cartwright,West,Female,28
9184,15676091,Iloerika,West,Male,42
9185,15716984,Palermo,Central,Female,56
9186,15715078,Nkemakolam,West,Male,35
9187,15569452,Butler,East,Female,58
9188,15628863,Calabresi,West,Male,38
9189,15778192,Nkemdilim,Central,Male,28
9190,15793723,Ch'iu,East,Male,32
9191,15798943,Alexander,West,Female,46
9192,15764708,Chiabuotu,West,Male,30
9193,15791040,Vasilyeva,Central,Male,58
9194,15631512,Schneider,West,Female,26
9195,15640106,Mason,West,Male,40
9196,15710315,Chukwukadibia,East,Male,29
9197,15771535,Tsui,Central,Female,37
9198,15611947,Banks,West,Male,34
9199,15670266,Shih,West,Female,28
9200,15609083,Tretiakova,West,Female,26
9201,15567923,Barese,West,Female,30
9202,15788183,Longo,East,Female,43
9203,15735782,MacDonald,West,Male,31
9204,15774401,Chambers,Central,Male,51
9205,15737971,Cowen,West,Female,30
9206,15758750,Iweobiegbunam,West,Male,31
9207,15611767,Mai,East,Female,52
9208,15643770,Yu,West,Female,52
9209,15744717,Duffy,West,Female,44
9210,15570681,Chiang,West,Male,24
9211,15792650,Watts,Central,Male,36
9212,15605531,Daly,Central,Female,38
9213,15605339,Baker,West,Female,37
9214,15672216,Uvarov,West,Female,40
9215,15812893,Costa,West,Female,39
9216,15624180,Genovesi,East,Female,37
9217,15701364,Doherty,West,Male,30
9218,15762588,Kaleski,West,Male,31
9219,15806318,Wright,East,Female,48
9220,15712596,Huang,West,Male,31
9221,15600399,Trentino,West,Male,60
9222,15576216,Chienezie,East,Female,37
9223,15620750,Sugden,West,Male,28
9224,15623489,Tu,West,Female,67
9225,15667944,Onuchukwu,West,Male,39
9226,15584928,Ugochukwutubelum,East,Female,32
9227,15779913,Davidson,West,Male,27
9228,15644977,Goddard,West,Female,31
9229,15749679,Beck,West,Male,39
9230,15629010,Beam,East,Female,35
9231,15768465,Sheppard,East,Male,35
9232,15767781,Godfrey,West,Male,38
9233,15635364,Gray,West,Female,49
9234,15722004,Hsiung,West,Female,31
9235,15766044,Cameron,East,Male,49
9236,15586680,Fleming,West,Male,27
9237,15635388,Austin,Central,Male,47
9238,15655175,Wallace,East,Male,40
9239,15639133,Ku,West,Female,50
9240,15799653,Fiorentino,East,Female,32
9241,15723872,Buccho,Central,Female,46
9242,15775627,Gordon,West,Male,35
9243,15630704,Haworth,East,Male,32
9244,15815534,Guidry,Central,Male,37
9245,15697249,Lettiere,East,Female,25
9246,15681316,Tai,West,Female,41
9247,15682523,Chigozie,West,Male,20
9248,15650244,Bezrukov,Central,Male,29
9249,15648638,Chia,Central,Male,34
9250,15795747,Sheppard,Central,Female,39
9251,15607330,Vasilyev,Central,Male,42
9252,15624013,Maxwell,West,Female,39
9253,15800805,Maher,West,Female,31
9254,15667321,Cocci,Central,Male,49
9255,15601116,P'an,West,Male,32
9256,15622033,Rapuluchukwu,East,Female,41
9257,15758451,Azuka,East,Male,37
9258,15688689,Esposito,East,Female,37
9259,15652674,Hou,West,Male,20
9260,15806327,Cyril,West,Female,40
9261,15649618,Tomlinson,East,Female,39
9262,15677117,Crawford,West,Female,61
9263,15751445,Chikwado,East,Female,52
9264,15749669,Hargreaves,West,Female,31
9265,15656351,Laidley,Central,Male,60
9266,15667438,Ferguson,West,Female,38
9267,15682273,Burns,West,Female,38
9268,15580912,McNeill,West,Male,32
9269,15785183,Chukwuebuka,Central,Male,29
9270,15705383,Shen,West,Male,35
9271,15712903,Diaz,West,Female,21
9272,15774285,Kentish,Central,Female,47
9273,15583138,Persse,West,Male,42
9274,15740160,Okwukwe,West,Male,31
9275,15793425,Watt,Central,Female,33
9276,15749265,Carslaw,East,Male,42
9277,15623989,Griffin,West,Male,54
9278,15604832,Hsia,West,Male,29
9279,15584580,Fyodorova,West,Male,35
9280,15573854,Chukwujekwu,West,Male,62
9281,15614847,Townsend,West,Female,45
9282,15679966,Marsh,West,Female,31
9283,15799435,Hayes,Central,Male,34
9284,15752186,Padovano,West,Female,27
9285,15705544,Ma,West,Male,61
9286,15713632,Ham,Central,Female,48
9287,15586523,Paten,East,Female,29
9288,15609176,Cawthorne,West,Female,32
9289,15769308,Herbert,East,Female,36
9290,15676810,Jen,West,Female,31
9291,15634591,Saunders,West,Male,33
9292,15679804,Esquivel,West,Male,36
9293,15677764,Chao,East,Female,74
9294,15571917,Eluemuno,East,Female,38
9295,15574608,Sidorova,West,Male,36
9296,15740868,Pirogova,East,Female,45
9297,15702442,Benson,East,Female,56
9298,15699797,Santana,West,Male,30
9299,15648047,Williamson,East,Male,27
9300,15766826,North,West,Male,26
9301,15591628,Davies,East,Male,41
9302,15583857,Siciliano,Central,Female,43
9303,15752534,Mironov,West,Male,36
9304,15741403,Amechi,Central,Female,38
9305,15783589,Toscano,West,Male,40
9306,15598046,Su,West,Female,39
9307,15643330,Chukwuemeka,West,Male,37
9308,15680405,P'eng,West,Male,40
9309,15728683,Lombardo,West,Male,27
9310,15621644,Lombardi,East,Male,83
9311,15733032,Butler,Central,Male,47
9312,15608381,Dean,East,Male,50
9313,15658946,Piccio,East,Male,40
9314,15757912,Bradley,East,Female,37
9315,15645371,Cameron,East,Female,51
9316,15653110,Chan,West,Male,42
9317,15766355,Lettiere,East,Male,49
9318,15585249,Mironova,West,Male,42
9319,15611786,Tsui,Central,Female,69
9320,15575486,Okoli,West,Female,27
9321,15780215,Berry,West,Male,31
9322,15686099,Ruse,Central,Male,61
9323,15739042,Bogolyubov,West,Female,35
9324,15815316,Kennedy,West,Male,50
9325,15778489,Bolton,East,Male,71
9326,15786389,Chuang,Central,Female,41
9327,15601787,Greco,East,Male,35
9328,15624715,Ma,Central,Female,40
9329,15763093,Nucci,East,Female,35
9330,15572073,Yao,Central,Male,35
9331,15780256,Palfreyman,West,Male,34
9332,15659305,Webster,East,Male,19
9333,15638882,Cardell,East,Female,62
9334,15714680,Bianchi,West,Female,78
9335,15777217,Somadina,Central,Male,25
9336,15739123,Mellor,East,Male,50
9337,15594450,Tomlinson,West,Male,49
9338,15797751,Pai,East,Female,47
9339,15691543,Lennox,East,Male,58
9340,15722845,Meldrum,Central,Male,29
9341,15605804,Watson,West,Male,45
9342,15702061,Findlay,West,Male,29
9343,15694321,Su,West,Female,28
9344,15798749,Davidson,East,Female,43
9345,15720050,Barrett,West,Female,28
9346,15758048,Miah,West,Male,50
9347,15805681,Chamberlain,West,Male,41
9348,15802809,Vidal,Central,Female,36
9349,15807239,Lung,West,Female,34
9350,15749093,Tretyakova,West,Male,43
9351,15689344,Montgomery,Central,Male,42
9352,15606076,Golubev,East,Male,63
9353,15610090,Han,West,Male,40
9354,15693926,Pan,Central,Male,37
9355,15791501,Carroll,West,Male,43
9356,15621870,Hawkins,Central,Female,40
9357,15734711,Loggia,West,Male,42
9358,15814405,Chesnokova,West,Female,46
9359,15729359,Chambers,West,Female,29
9360,15606944,Fleming,East,Male,43
9361,15671934,Veale,East,Male,39
9362,15641773,Browne,East,Male,45
9363,15701972,Parsons,West,Male,35
9364,15749114,Bailey,Central,Male,35
9365,15780362,Ferrari,West,Female,49
9366,15753229,Genovese,West,Male,29
9367,15656009,McIntyre,West,Female,36
9368,15785024,Warner,West,Female,40
9369,15670492,Gordon,West,Male,28
9370,15795458,McMillan,Central,Female,39
9371,15732438,Cheng,West,Male,43
9372,15781987,Akhtar,West,Male,31
9373,15775826,Iadanza,West,Male,30
9374,15807457,Abernathy,Central,Female,36
9375,15632538,Watson,Central,Female,32
9376,15641389,Shen,East,Male,48
9377,15657306,Kershaw,West,Female,47
9378,15709447,Reed,West,Female,26
9379,15762682,Mitchell,Central,Female,35
9380,15626042,Webb,Central,Female,26
9381,15597109,Vanzetti,West,Male,70
9382,15756148,Nnanna,Central,Male,45
9383,15665634,Campbell,West,Female,38
9384,15739997,Capon,West,Female,23
9385,15686242,Otutodilichukwu,West,Female,57
9386,15759244,Boone,East,Male,44
9387,15672027,McIntyre,East,Female,33
9388,15594576,Zhdanov,West,Male,32
9389,15707138,Nagy,Central,Male,39
9390,15756954,Lombardo,West,Female,32
9391,15619130,Simpson,East,Female,37
9392,15639665,Herbert,Central,Male,61
9393,15571065,Lehr,Central,Female,39
9394,15686060,Chou,East,Male,43
9395,15615753,Upchurch,East,Female,35
9396,15800961,Ugorji,East,Male,52
9397,15763065,Palerma,Central,Female,40
9398,15672467,Coles,West,Female,52
9399,15752915,Hsueh,West,Female,34
9400,15744695,Tu,West,Male,39
9401,15584897,Kuo,West,Female,31
9402,15601857,Woodhouse,East,Female,46
9403,15674156,Tretiakova,East,Male,69
9404,15695465,Gibson,West,Female,36
9405,15792232,Moss,Central,Female,43
9406,15807900,Chineze,West,Male,36
9407,15743760,Davidson,West,Male,31
9408,15652835,Liang,Central,Female,27
9409,15767818,Graham,West,Male,55
9410,15591150,Nwebube,Central,Male,34
9411,15734659,Sozonov,East,Female,46
9412,15796115,Forbes,East,Female,40
9413,15724648,Chikezie,West,Male,26
9414,15737732,Onwuemelie,West,Female,44
9415,15632280,Toth,Central,Female,53
9416,15750407,Hunt,East,Female,43
9417,15795370,Mazure,East,Male,37
9418,15656829,Hughes,Central,Female,33
9419,15643794,Bennett,Central,Female,27
9420,15798605,Tien,East,Male,26
9421,15637324,Kay,West,Female,28
9422,15589589,Bryan,West,Male,34
9423,15778936,Ingamells,West,Male,33
9424,15757385,Milne,Central,Female,28
9425,15666200,Lombardo,West,Female,40
9426,15683977,Owens,Central,Female,72
9427,15675518,Charlton,Central,Female,53
9428,15584812,Overby,Central,Female,39
9429,15752984,Chifley,West,Female,70
9430,15577913,Oliver,West,Female,32
9431,15591980,Hill,West,Male,33
9432,15598948,DeRose,Central,Female,24
9433,15574142,Chuang,East,Female,28
9434,15582903,Edwards,West,Male,39
9435,15733229,Rodriguez,Central,Female,34
9436,15635752,Lo,East,Male,38
9437,15771000,Powell,West,Male,38
9438,15804864,Chu,West,Female,27
9439,15641175,Munro,East,Male,63
9440,15692226,Onwumelu,West,Female,31
9441,15584156,Siciliani,Central,Male,27
9442,15702656,Yobachi,West,Female,33
9443,15606552,Akabueze,West,Male,37
9444,15687001,Chiemenam,East,Male,54
9445,15781903,Odinakachukwu,East,Male,41
9446,15731951,Reilly,Central,Female,28
9447,15580953,Forbes,West,Male,30
9448,15810390,Amadi,West,Female,41
9449,15628274,Ferri,East,Male,35
9450,15615444,Y?an,East,Male,28
9451,15784010,Williamson,East,Male,33
9452,15571586,Briggs,Central,Male,29
9453,15748616,Napolitani,West,Male,27
9454,15769402,Carpenter,West,Male,27
9455,15739248,Lin,West,Male,52
9456,15603481,Robinson,Central,Female,55
9457,15723604,Collins,West,Male,39
9458,15797822,Kingsley,West,Male,28
9459,15665064,Harvey,West,Male,36
9460,15640580,Obiora,West,Female,47
9461,15581089,Knight,Central,Male,35
9462,15728605,Hung,West,Male,40
9463,15737385,Curtis,Central,Female,46
9464,15714789,Perez,West,Male,24
9465,15786035,Gosnell,West,Male,39
9466,15815259,Fang,West,Female,56
9467,15592716,Clarke,West,Male,52
9468,15734850,Milanesi,Central,Male,36
9469,15638047,Chia,East,Female,45
9470,15674573,Gearhart,West,Female,25
9471,15694859,McLean,East,Female,28
9472,15776404,Williamson,West,Male,22
9473,15579345,Murphy,East,Female,74
9474,15690733,Angelo,Central,Male,45
9475,15631481,Thomson,West,Male,51
9476,15620988,Murray,West,Male,46
9477,15571529,Kirby,East,Female,48
9478,15592104,Lane,West,Female,41
9479,15651900,Bergamaschi,East,Female,53
9480,15596212,Yang,Central,Male,35
9481,15710687,Mills,West,Female,33
9482,15613787,Chidubem,Central,Male,35
9483,15599211,Findlay,West,Male,40
9484,15675983,Wood,West,Female,36
9485,15622370,Boyle,East,Male,30
9486,15656319,Toscano,Central,Male,37
9487,15605130,Seccombe,West,Male,32
9488,15672574,Uspenskaya,Central,Female,32
9489,15659355,McKenzie,Central,Male,32
9490,15777907,Liang,West,Female,33
9491,15655171,Yermakova,West,Male,80
9492,15619674,White,West,Female,35
9493,15775192,Rounsevell,East,Female,48
9494,15617657,Ts'ai,West,Female,36
9495,15688951,Stoneman,East,Male,43
9496,15763460,Yao,West,Male,33
9497,15756992,Chukwukere,West,Male,37
9498,15617454,Ifeatu,West,Female,25
9499,15701932,Millar,West,Female,52
9500,15700813,Igwebuike,East,Female,25
9501,15645600,Obidimkpa,Central,Female,27
9502,15634146,Hou,East,Male,18
9503,15686743,Moody,Central,Male,29
9504,15698792,Keldie,West,Female,48
9505,15591724,Liu,West,Female,44
9506,15571281,Ts'ao,West,Male,28
9507,15661380,Walker,West,Male,69
9508,15728885,Defalco,West,Male,41
9509,15618950,Lo Duca,Central,Male,26
9510,15609804,Hyde,West,Male,29
9511,15735849,Kanayochukwu,West,Female,26
9512,15652948,Yen,West,Male,33
9513,15618155,Ts'ui,West,Male,45
9514,15566378,Tillman,West,Male,48
9515,15565879,Riley,West,Female,28
9516,15792922,Tu,Central,Male,38
9517,15770567,Ruiz,West,Female,32
9518,15738042,Goliwe,East,Male,37
9519,15714920,Balashov,East,Male,44
9520,15782121,Leonard,West,Female,27
9521,15673180,Onyekaozulu,East,Female,18
9522,15660636,Carpenter,Central,Female,40
9523,15664504,Beede,West,Male,35
9524,15790322,Beneventi,West,Female,32
9525,15739847,Sadlier,East,Male,38
9526,15699415,Lewis,West,Female,46
9527,15665521,Chiazagomekpele,East,Male,18
9528,15682868,Elliott,West,Female,40
9529,15584462,Liang,West,Male,34
9530,15661708,She,West,Female,41
9531,15584452,Bozeman,West,Male,41
9532,15717010,Yu,West,Female,60
9533,15643828,Teng,West,Male,29
9534,15733361,Davide,East,Female,45
9535,15795488,Beneventi,Central,Male,52
9536,15581551,Yobachukwu,Central,Male,41
9537,15632051,Douglas,East,Female,42
9538,15780409,Egobudike,West,Male,40
9539,15572767,Shelby,West,Male,29
9540,15590337,Golubov,West,Male,29
9541,15634551,Williamson,East,Male,46
9542,15669290,Fan,West,Male,38
9543,15621140,Nwebube,Central,Male,37
9544,15613518,Bellucci,West,Female,35
9545,15728043,Udinese,East,Female,37
9546,15570073,Marian,Central,Male,57
9547,15777033,Chizoba,West,Male,29
9548,15682454,McFarland,West,Female,34
9549,15758513,McDonald,West,Male,43
9550,15772604,Chiemezie,Central,Male,36
9551,15721715,Fane,West,Female,40
9552,15688563,Marchesi,East,Male,31
9553,15772009,Scott,West,Female,41
9554,15809585,H?,West,Male,38
9555,15593778,Craig,West,Female,29
9556,15655360,Chikelu,East,Female,72
9557,15780909,Caffyn,East,Male,34
9558,15757310,Otitodilichukwu,East,Male,67
9559,15801411,Green,Central,Male,46
9560,15761706,Y?an,Central,Female,39
9561,15658409,Mao,West,Male,41
9562,15810010,Dahlenburg,East,Male,36
9563,15627027,Shih,West,Male,39
9564,15624374,Maclean,West,Male,28
9565,15720083,Fiorentino,Central,Male,42
9566,15752294,Long,West,Female,38
9567,15743193,Olson,West,Male,37
9568,15696733,McKenzie,West,Male,29
9569,15677522,Rossi,West,Male,33
9570,15643523,Power,Central,Female,30
9571,15624936,Yen,West,Male,35
9572,15716085,Norris,Central,Female,41
9573,15641688,Collier,Central,Male,18
9574,15796834,Rivers,East,Male,35
9575,15720123,Hudson,Central,Male,37
9576,15604732,Milani,West,Female,30
9577,15723484,Hunt,East,Female,42
9578,15807120,Oluchukwu,East,Female,52
9579,15810891,Lorenzo,West,Male,34
9580,15640407,Chidiegwu,East,Male,45
9581,15778838,Warren,West,Male,38
9582,15709256,Glover,West,Female,28
9583,15742285,Andersen,West,Male,62
9584,15729019,Arcuri,Central,Male,34
9585,15608588,Mackinlay,East,Male,41
9586,15610557,McCarthy,Central,Female,35
9587,15786418,Chiu,West,Female,20
9588,15653050,Norriss,East,Female,76
9589,15744914,Moore,East,Male,42
9590,15669611,Mott,West,Male,71
9591,15594786,Ts'ai,East,Male,34
9592,15649211,Fokina,Central,Male,40
9593,15766066,Nikitina,East,Female,28
9594,15772216,Henry,West,Female,67
9595,15619898,Chiefo,West,Male,55
9596,15724543,Mao,West,Male,61
9597,15755084,Bezrukova,West,Male,37
9598,15730441,Dodd,West,Male,26
9599,15666767,Lori,West,Male,35
9600,15690456,Yudina,East,Female,32
9601,15570533,Conti,East,Female,55
9602,15797692,Volkova,West,Female,33
9603,15603135,Boni,East,Female,59
9604,15698927,Ritchie,West,Male,39
9605,15687363,McMillan,West,Male,31
9606,15733444,Phillips,West,Female,29
9607,15678057,Lombardi,West,Male,44
9608,15806918,Ireland,West,Male,28
9609,15638247,Boan,Central,Male,44
9610,15674833,Shao,West,Female,35
9611,15812534,Chiemenam,West,Male,40
9612,15586522,Hunter,Central,Male,37
9613,15794297,McKay,West,Male,36
9614,15737025,Roberts,West,Male,33
9615,15615931,Aitken,West,Female,37
9616,15664860,Chao,Central,Female,47
9617,15664539,Bruce,Central,Male,35
9618,15583692,Chan,East,Female,35
9619,15693131,Watts,West,Female,24
9620,15779973,Gibbons,East,Male,35
9621,15620557,Ni,Central,Male,37
9622,15639549,Jen,East,Female,33
9623,15618750,Phillips,West,Male,31
9624,15796790,Amaechi,West,Female,47
9625,15668309,Maslow,West,Female,40
9626,15732437,Rowley,East,Female,44
9627,15665158,Chukwuemeka,Central,Male,27
9628,15689322,Bevan,Central,Male,31
9629,15596624,Topp,West,Female,22
9630,15601977,Burgoyne,Central,Male,44
9631,15801462,Yermakov,West,Male,31
9632,15566139,Ts'ui,West,Female,37
9633,15791006,Kodilinyechukwu,East,Female,34
9634,15668057,K?,West,Female,31
9635,15580805,Marino,West,Male,27
9636,15658768,Lucas,West,Female,49
9637,15613048,Anderson,East,Female,40
9638,15803654,Wei,West,Female,31
9639,15662337,Baldwin,East,Female,50
9640,15650924,Foster,Central,Female,32
9641,15647203,Gebhart,West,Female,35
9642,15682778,Fedorov,West,Male,34
9643,15579820,Robertson,Central,Male,38
9644,15709354,Tudawali,West,Female,41
9645,15728480,Iloerika,West,Female,35
9646,15641091,Onyemauchechukwu,West,Female,31
9647,15603111,Muir,Central,Male,71
9648,15679693,Walker,West,Male,31
9649,15797190,Charlton,East,Female,40
9650,15788025,Tseng,West,Female,38
9651,15646168,Ifeatu,Central,Male,33
9652,15580493,Chin,West,Male,33
9653,15726720,Blinova,West,Female,40
9654,15735799,Maconochie,East,Male,58
9655,15773098,Ch'in,Central,Male,34
9656,15668971,Nicholson,West,Female,40
9657,15603221,Burgess,East,Male,32
9658,15740043,Young,West,Male,32
9659,15712264,Plumb,West,Female,39
9660,15751926,Trentino,East,Male,42
9661,15589401,Allen,West,Female,30
9662,15742019,Benford,West,Female,39
9663,15660611,Gallo,Central,Male,39
9664,15607634,Cobb,East,Male,40
9665,15595036,Doherty,East,Male,30
9666,15745794,Cocci,West,Male,30
9667,15781689,Macadam,Central,Male,35
9668,15696054,Tychonoff,West,Male,37
9669,15752467,Johnson,Central,Male,34
9670,15597739,Tu,West,Male,37
9671,15651336,Chidiebere,West,Female,32
9672,15636061,Pope,East,Male,78
9673,15723013,Sutherland,East,Male,28
9674,15784148,Beneventi,West,Male,62
9675,15578098,Jamieson,West,Male,31
9676,15638621,Simmons,Central,Male,39
9677,15720924,Chijioke,West,Female,34
9678,15566531,Iloerika,East,Male,33
9679,15718064,Chia,Central,Male,29
9680,15605067,Nwachinemelu,West,Male,19
9681,15655335,Becher,West,Male,36
9682,15607301,Romano,Central,Female,63
9683,15694628,Walker,East,Female,39
9684,15607112,Chiawuotu,West,Male,32
9685,15635775,Watt,West,Male,33
9686,15644280,Udegbunam,West,Male,45
9687,15708362,Watson,West,Male,63
9688,15771997,Bryant,West,Female,31
9689,15730579,Ward,West,Male,68
9690,15728005,Urban,West,Female,57
9691,15791674,Sutherland,West,Female,34
9692,15754599,K'ung,West,Male,42
9693,15693690,Iweobiegbunam,Central,Male,52
9694,15728963,Wei,East,Female,51
9695,15659710,Lascelles,West,Male,25
9696,15658675,Ts'ao,East,Male,37
9697,15638788,Mack,West,Male,32
9698,15609735,Campbell,East,Male,51
9699,15771477,Fiorentini,West,Male,49
9700,15570145,Long,West,Female,23
9701,15797149,Lloyd,Central,Female,36
9702,15636912,Sneddon,Central,Male,38
9703,15687828,Gorshkov,Central,Female,31
9704,15667424,Forbes,East,Female,43
9705,15759872,L?,West,Male,22
9706,15572374,Hopetoun,Central,Male,36
9707,15754926,Lucchesi,West,Female,30
9708,15687431,Faria,West,Female,41
9709,15604515,Yefremov,East,Female,22
9710,15682839,Genovesi,West,Female,57
9711,15624677,Marquez,East,Female,37
9712,15646366,Trevisani,East,Male,41
9713,15701768,Tung,West,Male,32
9714,15623566,Barnhill,West,Male,40
9715,15681274,Marshall,Central,Female,56
9716,15762573,Bednall,Central,Female,34
9717,15706458,Pan,East,Male,39
9718,15654222,Ogg,Central,Male,30
9719,15704053,T'ang,Central,Male,62
9720,15724321,Baresi,East,Female,47
9721,15621815,Obiajulu,West,Female,40
9722,15724876,McGregor,West,Female,38
9723,15696588,Lung,West,Female,36
9724,15612832,Jamieson,West,Male,32
9725,15804295,Pinto,West,Male,41
9726,15712536,Fallaci,West,Female,36
9727,15662494,Goliwe,Central,Male,43
9728,15807728,Ferri,West,Female,45
9729,15764916,Rowley,East,Female,43
9730,15615330,Tretiakova,West,Male,23
9731,15638487,She,East,Male,38
9732,15627859,Nebeolisa,East,Male,29
9733,15622192,Young,Central,Male,39
9734,15789413,Fitzgerald,West,Male,64
9735,15583221,Arnold,East,Male,70
9736,15768495,Chidimma,West,Female,32
9737,15644103,Wells,Central,Male,78
9738,15741197,Calzada,Central,Male,22
9739,15664547,Black,West,Male,37
9740,15797293,Sopuluchukwu,West,Female,25
9741,15572021,Ts'ao,East,Female,29
9742,15637461,Ukaegbunam,West,Male,35
9743,15620577,Wood,West,Male,45
9744,15609643,Furneaux,East,Male,32
9745,15785358,Gresswell,East,Male,46
9746,15603883,Ch'in,West,Male,36
9747,15782550,Ma,East,Female,41
9748,15775761,Iweobiegbunam,East,Female,69
9749,15680201,Marcelo,East,Male,24
9750,15767594,Azubuike,West,Female,35
9751,15591985,Stewart,West,Female,51
9752,15789339,Yen,West,Male,59
9753,15781530,Hsieh,West,Male,21
9754,15705174,Chiedozie,East,Male,68
9755,15572114,Shih,Central,Male,40
9756,15804009,Amechi,East,Male,36
9757,15662698,Ko,Central,Female,43
9758,15696047,Chimezie,West,Male,35
9759,15701160,Azubuike,East,Female,43
9760,15790093,Aguirre,West,Female,27
9761,15632143,Lung,West,Male,31
9762,15736778,Adams,East,Female,60
9763,15734917,Castiglione,East,Male,21
9764,15643903,Yao,West,Male,27
9765,15569526,Morales,West,Male,40
9766,15777067,Thomas,West,Male,64
9767,15795511,Vasiliev,East,Male,39
9768,15610419,Chukwueloka,West,Male,33
9769,15644994,Ko,East,Male,54
9770,15703707,Atkins,West,Male,44
9771,15659327,Moffitt,West,Male,49
9772,15771323,Panicucci,Central,Male,39
9773,15750549,Akobundu,East,Male,30
9774,15698462,Chiu,West,Male,36
9775,15739692,Tsui,West,Male,42
9776,15744041,Yobanna,West,Female,26
9777,15700714,Hollis,West,Male,29
9778,15777743,Cattaneo,West,Female,39
9779,15623143,Lung,West,Female,43
9780,15712568,Angelo,Central,Male,40
9781,15617432,Folliero,East,Female,40
9782,15650424,Bryant,West,Female,48
9783,15728829,Weigel,West,Male,18
9784,15680430,Ajuluchukwu,East,Female,49
9785,15687626,Zhirov,West,Male,39
9786,15609187,Cox,West,Female,27
9787,15609521,Chimaraoke,East,Male,34
9788,15752626,Genovese,West,Male,32
9789,15571756,Ohearn,West,Female,28
9790,15814040,Munroe,West,Female,45
9791,15658211,Morrison,Central,Female,39
9792,15742091,Parkhill,East,Female,35
9793,15787168,Y?,Central,Female,28
9794,15772363,Hilton,East,Female,42
9795,15659364,Thompson,Central,Male,23
9796,15738980,Yobanna,West,Male,43
9797,15794236,Thorpe,East,Male,22
9798,15721383,Harvey,Central,Male,40
9799,15652981,Robinson,East,Male,30
9800,15722731,Manna,West,Male,46
9801,15640507,Li,Central,Female,35
9802,15578878,Hancock,Central,Female,30
9803,15744295,Hao,West,Male,40
9804,15776558,Nicholls,West,Male,31
9805,15596136,Folliero,West,Female,36
9806,15704597,Trumbull,West,Male,33
9807,15648272,Medvedeva,Central,Male,35
9808,15594915,Crist,West,Female,36
9809,15581115,Middleton,West,Female,39
9810,15763907,Watts,West,Female,39
9811,15705994,Udinese,Central,Male,27
9812,15772421,Tretiakov,East,Female,31
9813,15711572,O'Kane,East,Female,31
9814,15691170,Vasilyeva,Central,Female,29
9815,15600106,Wei,West,Male,36
9816,15745431,Chinonyelum,West,Male,34
9817,15649508,Chin,Central,Male,48
9818,15812611,Lorimer,Central,Female,30
9819,15619699,Yeh,West,Male,31
9820,15813946,Duffy,East,Male,51
9821,15762762,Onyekachukwu,East,Female,45
9822,15629793,Banks,Central,Male,28
9823,15781298,Hughes,East,Male,39
9824,15622658,Lai,West,Female,26
9825,15658980,Matthews,East,Male,26
9826,15701936,Bell,East,Male,28
9827,15686917,Tu,Central,Female,40
9828,15807312,Hsia,Central,Male,33
9829,15574523,Cheng,West,Male,39
9830,15724200,Cheng,West,Male,38
9831,15738224,Lin,West,Male,32
9832,15593283,Higgins,East,Female,48
9833,15814690,Chukwujekwu,East,Female,64
9834,15807245,McKay,East,Female,41
9835,15799358,Vincent,West,Female,46
9836,15616172,Ubanwa,West,Male,31
9837,15777958,Ch'ien,West,Male,39
9838,15809124,T'ien,West,Male,38
9839,15616367,Ricci,East,Male,39
9840,15687385,McDowell,West,Male,41
9841,15607877,Maclean,Central,Male,26
9842,15736327,Manna,East,Female,46
9843,15746704,Jibunoh,Central,Male,30
9844,15778304,Fan,East,Male,24
9845,15588456,Hsieh,West,Female,40
9846,15664035,Parsons,Central,Female,38
9847,15596405,Udinese,Central,Male,25
9848,15815097,Root,West,Female,34
9849,15762708,Chiemezie,Central,Female,38
9850,15776211,Toscani,West,Female,34
9851,15626012,Obidimkpa,West,Male,26
9852,15792077,Degtyaryov,East,Male,28
9853,15718765,Maclean,Central,Male,43
9854,15576615,Giordano,Central,Male,37
9855,15752650,Saad,Central,Female,37
9856,15797502,Lord,Central,Male,24
9857,15687329,Hope,East,Female,32
9858,15779423,K?,West,Male,39
9859,15619514,Bull,East,Male,40
9860,15615430,Adams,East,Male,55
9861,15716431,Brookes,West,Female,30
9862,15798341,Victor,West,Male,38
9863,15651958,Giles,West,Male,27
9864,15726179,Ferrari,East,Female,43
9865,15652999,Milne,East,Male,33
9866,15691950,Parry,West,Male,49
9867,15632446,Allan,West,Male,24
9868,15620936,Warren,West,Male,32
9869,15587640,Rowntree,West,Female,43
9870,15782231,Andrejew,West,Male,38
9871,15580462,Corby,Central,Male,40
9872,15736371,Kennedy,West,Female,34
9873,15648032,Young,Central,Male,37
9874,15610454,Poole,East,Female,33
9875,15671358,Fletcher,West,Male,44
9876,15747130,Tsao,West,Male,39
9877,15578374,Gilroy,Central,Male,36
9878,15572182,Onwuamaeze,East,Female,33
9879,15770041,Manna,Central,Female,43
9880,15669414,Pisano,East,Male,62
9881,15777054,Thorpe,East,Male,42
9882,15621021,Dwyer,Central,Female,40
9883,15785490,Okeke,West,Male,50
9884,15577695,Zito,West,Male,41
9885,15686974,Sergeyeva,West,Female,48
9886,15574584,Fang,West,Male,33
9887,15719541,Flannagan,Central,Male,31
9888,15646310,Mao,Central,Male,24
9889,15697606,Sturdee,West,Female,21
9890,15711489,Azikiwe,Central,Female,32
9891,15670427,Chidi,Central,Male,37
9892,15731755,Hull,West,Male,49
9893,15796370,Shah,Central,Male,40
9894,15598331,Morgan,West,Female,40
9895,15704795,Vagin,West,Female,77
9896,15796764,Bruno,East,Female,56
9897,15589420,Osinachi,West,Female,40
9898,15810563,Ho,Central,Female,61
9899,15746569,Tsui,West,Male,38
9900,15811594,Gordon,Central,Female,28
9901,15645896,Duncan,East,Male,39
9902,15802909,Hu,East,Female,56
9903,15797665,Docherty,West,Female,27
9904,15778959,Brookes,West,Female,36
9905,15722532,Angelo,Central,Female,36
9906,15784124,Emenike,East,Male,41
9907,15776518,Pugh,West,Female,38
9908,15611247,McKenzie,West,Female,28
9909,15721469,Mach,East,Male,45
9910,15773338,Endrizzi,West,Male,58
9911,15784042,L?,West,Male,55
9912,15776229,MacPherson,West,Male,44
9913,15655903,Michael,Central,Female,34
9914,15590177,Chiedozie,West,Female,44
9915,15568876,Hughes,West,Female,34
9916,15813140,Taylor,Central,Male,41
9917,15770516,Evdokimov,Central,Female,44
9918,15755731,Davis,East,Male,53
9919,15574480,Ubanwa,Central,Male,31
9920,15798084,Murray,West,Male,26
9921,15673020,Smith,West,Female,49
9922,15643575,Evseev,East,Male,36
9923,15596811,Mitchell,West,Male,36
9924,15786789,Ni,West,Female,29
9925,15578865,Palerma,East,Female,50
9926,15605672,Yuan,West,Female,38
9927,15603674,Knight,West,Male,36
9928,15759915,Rapuokwu,West,Female,31
9929,15686219,Wan,West,Male,38
9930,15696388,Artamonova,East,Male,38
9931,15713604,Rossi,East,Male,40
9932,15647800,Greco,West,Female,34
9933,15813451,Fleetwood-Smith,Central,Male,18
9934,15765375,Butusov,West,Female,46
9935,15774586,West,East,Female,43
9936,15603454,Sanders,East,Male,28
9937,15653037,Parks,West,Male,77
9938,15782475,Edith,West,Female,42
9939,15593496,Korovin,Central,Female,36
9940,15808971,Lajoie,Central,Female,57
9941,15791972,Bergamaschi,West,Female,20
9942,15676869,T'ien,Central,Male,36
9943,15683007,Torode,East,Female,25
9944,15659495,Fu,Central,Male,23
9945,15703923,Cameron,East,Male,41
9946,15674000,Cattaneo,West,Male,44
9947,15618171,James,West,Female,33
9948,15732202,Abramovich,West,Male,34
9949,15735078,Onwughara,East,Female,53
9950,15798615,Wan,West,Female,47
9951,15638494,Salinas,East,Female,39
9952,15763874,Ho,Central,Male,46
9953,15696355,Cleveland,East,Male,37
9954,15655952,Burke,West,Male,47
9955,15739850,Trentino,West,Male,45
9956,15611338,Kashiwagi,Central,Male,29
9957,15707861,Nucci,West,Female,46
9958,15672237,Oluchi,West,Male,25
9959,15657771,Ts'ui,West,Male,37
9960,15677783,Graham,Central,Male,38
9961,15681026,Lucciano,East,Female,33
9962,15566543,Aldridge,Central,Male,44
9963,15594612,Flynn,Central,Male,44
9964,15814664,Scott,East,Male,33
9965,15642785,Douglas,West,Male,34
9966,15690164,Shao,East,Female,33
9967,15590213,Ch'en,Central,Male,35
9968,15603794,Pugliesi,West,Male,48
9969,15733491,McGregor,East,Female,40
9970,15806360,Hou,West,Male,41
9971,15587133,Thompson,West,Male,42
9972,15721377,Chou,West,Female,34
9973,15747927,Ch'in,West,Male,26
9974,15806455,Miller,West,Male,27
9975,15695474,Barker,West,Male,33
9976,15666295,Smith,East,Male,50
9977,15656062,Azikiwe,West,Female,33
9978,15579969,Mancini,West,Female,32
9979,15703563,P'eng,West,Male,40
9980,15692664,Diribe,West,Female,58
9981,15719276,T'ao,Central,Male,35
9982,15672754,Burbidge,East,Male,42
9983,15768163,Griffin,East,Female,46
9984,15656710,Cocci,West,Male,40
9985,15696175,Echezonachukwu,East,Male,35
9986,15586914,Nepean,West,Male,36
9987,15581736,Bartlett,East,Male,47
9988,15588839,Mancini,Central,Male,30
9989,15589329,Pirozzi,West,Male,101
9990,15605622,McMillan,Central,Male,28
9991,15798964,Nkemakonam,East,Male,33
9992,15769959,Ajuluchukwu,West,Female,53
9993,15657105,Chukwualuka,Central,Male,36
9994,15569266,Rahman,West,Male,28
9995,15719294,Wood,West,Female,29
9996,15606229,Obijiaku,West,Male,39
9997,15569892,Johnstone,West,Male,35
9998,15584532,Liu,West,Female,36
9999,15682355,Sabbatini,East,Male,42
10000,15628319,Walker,West,Female,28
10001,,,,,
10002,,,,,
10003,,,,,
10004,,,,,
10005,,,,,
10006,,,,,
10007,,,,,
10008,,,,,
10009,,,,,
10010,,,,,
10011,,,,,
10012,,,,,
10013,,,,,
10014,,,,,
10015,,,,,
10016,,,,,
10017,,,,,
10018,,,,,
10019,,,,,
